tip	date	distance	residual
A/Victoria/361/2011	2011.0	0.00928389934633389	0.008333092959095567
A/Texas/50/2012	2012.0	0.00870108934633389	0.005121671286166741
A/Brisbane/359/2014	2014.0	0.00869143590153389	-1.4520550449091327E-4
A/Guatemala/9877/2015	2015.0	0.01046232245673389	-0.0010029306222197401
A/Colombia/4352/2015	2015.0	0.009872962456733891	-0.001592290622219739
A/Greece/261/2015	2015.0	0.008690125901533891	-0.002775127177419739
A/Navarra/618/2015	2015.0	0.00809811590153389	-0.0033671371774197396
A/Zambia/4-288/2014	2014.0	0.007506395901533891	-0.0013302455044909125
A/Uganda/5535/2016	2016.0	0.01169805590153389	-0.002395808850349455
A/SaoPaulo/9-130/2014	2014.0	0.01167055634633389	0.0028339149403090874
A/SaoPaulo/12-15655/2014	2014.0	0.00809802390153389	-7.38617504490913E-4
A/Norway/2303/2015	2015.0	0.009868862901533892	-0.0015963901774197382
A/Netherlands/778/2014	2014.0	0.008099076011933892	-7.375653940909117E-4
A/Paraguay/3144/2014	2014.0	0.006917292567133891	-0.001919348838890912
A/SaoPaulo/2-25786/2014	2014.0	0.006326902567133892	-0.0025097388388909117
A/Santiago/70123/2014	2014.0	0.007505289456733891	-0.001331351949290912
A/DistritoFederal/89664/2014	2014.0	0.006915682011933892	-0.0019209593940909117
A/Rondonia/5266/2015	2015.0	0.011682835456733891	2.1758237778026109E-4
A/Israel/O-6286/2014	2014.0	0.010458340346333892	0.0016216989403090888
A/Brazil/70/2015	2015.0	0.009275616901533891	-0.0021896361774197386
A/Tocantins/16261/2015	2015.0	0.009865486901533892	-0.0015997661774197376
A/SaoPaulo/3-36419/2014	2014.0	0.01163758034633389	0.002800938940309087
A/Ecuador/821/2015	2015.0	0.01340928334633389	0.0019440302673802597
A/Guyane/1749/2015	2015.0	0.011046555232733892	-4.186978462197375E-4
A/Norway/2605/2015	2015.0	0.01399701867753389	0.00253176559858026
A/Finland/525/2015	2015.0	0.011046561787933892	-4.1869129101973837E-4
A/Sydney/327/2014	2014.0	0.01222541934633389	0.0033887779403090866
A/NewYork/WC-LVD-15-034/2015	2015.0	0.01281543934633389	0.00135018626738026
A/Moscow/101/2015	2015.0	0.011047290346333892	-4.1796273261973833E-4
A/Victoria/5076/2014	2014.0	0.01222688634633389	0.0033902449403090864
A/Bourgogne/2295/2014	2014.0	0.01281918634633389	0.003982544940309087
A/DistritoFederal/51671/2015	2015.0	0.01281649401193389	0.0013512409329802608
A/Dijon/1484/2015	2015.0	0.01222616401193389	7.609109329802608E-4
A/Slovenia/2069/2015	2015.0	0.01281601601193389	0.0013507629329802592
A/Stockholm/28/2014	2014.0	0.011047113456733891	0.0022104720507090878
A/England/527/2014	2014.0	0.01222804634633389	0.0033914049403090864
A/Norway/2326/2015	2015.0	0.01340906634633389	0.0019438132673802594
A/StVincentAndTheGrenadines/422/2015	2015.0	0.01399839934633389	0.0025331462673802603
A/StVincentAndTheGrenadines/423/2015	2015.0	0.01340598934633389	0.0019407362673802605
A/Yunnan-Hongta/11097/2015	2015.0	0.01458642934633389	0.00312117626738026
A/Taiwan/504/2015	2015.0	0.01281578734633389	0.0013505342673802608
A/Slovenia/1411/2015	2015.0	0.01518099934633389	0.0037157462673802592
A/Navarra/745/2015	2015.0	0.01281563934633389	0.0013503862673802606
A/Denmark/32/2015	2015.0	0.01517872490153389	0.0037134718225802603
A/SouthAuckland/7/2015	2015.0	0.01458444390153389	0.00311919082258026
A/StVincentAndTheGrenadines/424/2015	2015.0	0.01399404390153389	0.0025287908225802604
A/Alsace/1571/2015	2015.0	0.01222552590153389	7.602728225802602E-4
A/Aragon/2062/2014	2014.0	0.01222489934633389	0.0033882579403090862
A/Norway/3004/2014	2014.0	0.01222527934633389	0.0033886379403090874
A/Nigeria/357/2015	2015.0	0.01282228790153389	0.0013570348225802609
A/Cameroon/15V-8793/2015	2015.0	0.012822267901533891	0.001357014822580261
A/Ghana/DILI-14-1152/2014	2014.0	0.008691087901533891	-1.4555350449091224E-4
A/Paris/2337/2014	2014.0	0.00869183790153389	-1.4480350449091323E-4
A/Jordan/30483/2014	2014.0	0.009282072456733891	4.454310507090876E-4
A/Sassari/9/2015	2015.0	0.00928097256713389	-0.0021842805118197396
A/Brazil/1790/2015	2015.0	0.011049824567133892	-4.154285118197383E-4
A/Niigata-C/44/2015	2015.0	0.01164178456713389	1.765314881802607E-4
A/Milan/191/2015	2015.0	0.008691862122333891	-0.002773390956619739
A/Istanbul/1946182/2016	2016.0	0.01222971212233389	-0.001864152629549455
A/SouthAustralia/3/2016	2016.0	0.014000702122333888	-9.316262954945677E-5
A/Thuringen/102/2015	2015.0	0.012820545567133891	0.001355292488180261
A/Afghanistan/243/2016	2016.0	0.011640500122333891	-0.0024533646295494538
A/Serbia/1565/2016	2016.0	0.01576749356713389	0.001673628815250544
A/Bitlis/4351/2016	2016.0	0.01341092556713389	-6.82939184749454E-4
A/Turkey/TR-31/2016	2016.0	0.01282041556713389	-0.0012734491847494547
A/Perugia/46/2015	2015.0	0.01164260245673389	1.7734937778026046E-4
A/Ethiopia/1141/2014	2014.0	0.008691849011933891	-1.4479239409091217E-4
A/Ethiopia/155/2014	2014.0	0.00810133590153389	-7.353055044909129E-4
A/Switzerland/9715293/2013	2013.0	0.00810343434633389	0.0018954046132379134
A/Vietnam/89/2015	2015.0	0.01046162401193389	-0.0010036290670197394
A/Hunan-Yuhu/11001/2014	2014.0	0.009280594011933891	4.439526059090877E-4
A/Victoria/5075/2014	2014.0	0.00869023901193389	-1.4640239409091302E-4
A/Hebei-Yunhe/1101/2017	2017.0	0.011053935567133891	-0.0056685408576782805
A/Heilongjiang-Longsha/186/2015	2015.0	0.009870255567133892	-0.0015949975118197384
A/Beijing-Huairou/12431/2014	2014.0	0.009870052456733891	0.0010334110507090877
A/Shaanxi-Hanbin/1561/2014	2014.0	0.00987623245673389	0.0010395910507090874
A/Vietnam/137/2015	2015.0	0.01104998090153389	-4.152721774197399E-4
A/Liaoning-Heping/1573/2014	2014.0	0.00928022590153389	4.435844955090872E-4
A/Hawaii/48/2014	2014.0	0.00928444401193389	4.478026059090874E-4
A/Cambodia/1244/2014	2014.0	0.009284047122333891	4.474057163090881E-4
A/Niedersachsen/8/2014	2014.0	0.008102870232733891	-7.337711732909123E-4
A/HongKong/7624/2014	2014.0	0.00869552678793389	-1.41114618090913E-4
A/Cambodia/AD04410/2014	2014.0	0.0069227907879338925	-0.0019138506180909108
A/Cambodia/AD04526/2014	2014.0	0.00869281023273389	-1.4383117329091338E-4
A/Tanzania/3561/2014	2014.0	0.007512380232733891	-0.0013242611732909122
A/Heilongjiang-Nangang/1539/2014	2014.0	0.009280140567133891	4.4349916110908785E-4
A/Fukui/78/2015	2015.0	0.01105198356713389	-4.132695118197402E-4
A/Kazakhstan/3791/2014	2014.0	0.00987088356713389	0.0010342421611090873
A/Jilin-Yanji/1179/2015	2015.0	0.008101418677533891	-0.003363834401419739
A/Shandong-Laicheng/1104/2016	2016.0	0.009871513677533892	-0.004222351074349453
A/Shaanxi-Wangyi/114/2015	2015.0	0.00928044012233389	-0.0021848129566197395
A/StPetersburg/119/2015	2015.0	0.00987004512233389	-0.0015952079566197395
A/Novosibirsk/64/2015	2015.0	0.010459715122333891	-0.001005537956619739
A/StPetersburg/57/2015	2015.0	0.010459975122333891	-0.0010052779566197389
A/Vladivostok/36/2015	2015.0	0.01222931512233389	7.640620433802606E-4
A/Lao/I1165/2014	2014.0	0.010460341567133892	0.0016237001611090884
A/Lao/I1079/2014	2014.0	0.009868861567133892	0.0010322201611090882
A/Henan-Shihe/1212/2017	2017.0	0.01342431812233389	-0.003298158302478281
A/Yunnan-Wenshan/1904/2014	2014.0	0.00810071012233389	-7.359312836909132E-4
A/Henan-Xigong/11041/2014	2014.0	0.009871115122333891	0.0010344737163090877
A/Beijing-Huairou/122/2015	2015.0	0.008690755122333891	-0.002774497956619739
A/Guangxi-Qixin/328/2016	2016.0	0.00810217323273389	-0.005991691519149455
A/Madagascar/3069/2014	2014.0	0.009869793232733891	0.0010331518267090879
A/Manjakaray/612/2015	2015.0	0.00927953323273389	-0.0021857198462197393
A/Guizhou-Honghuagang/117/2015	2015.0	0.008690141232733891	-0.0027751118462197386
A/Guangxi-Xiangshan/1102/2015	2015.0	0.00928029123273389	-0.0021849618462197393
A/Liaoning-Shuangta/1491/2015	2015.0	0.00810126023273389	-0.00336399284621974
A/Colombia/5215/2015	2015.0	0.012826911232733891	0.001361658153780261
A/NewHampshire/19/2017	2017.0	0.018132725232733887	0.001410248807921715
A/Delaware/25/2017	2017.0	0.016362807232733884	-3.5966919207828726E-4
A/Connecticut/15/2017	2017.0	0.016363565232733884	-3.5891119207828726E-4
A/Ecuador/1372/2016	2016.0	0.015775125232733885	0.0016812604808505403
A/Ecuador/623/2017	2017.0	0.018729935232733884	0.0020074588079217123
A/Lao/1115/2014	2014.0	0.01105638701193389	0.002219745605909087
A/Jiangsu-Quanshan/11567/2014	2014.0	0.008690442011933891	-1.4619939409091232E-4
A/Kanagawa/176/2014	2014.0	0.01163581201193389	0.002799170605909087
A/Algiers/8/2014	2014.0	0.00927941301193389	4.427716059090866E-4
A/Hebei-Cixian/112/2015	2015.0	0.01163775201193389	1.7249893298026085E-4
A/Saitama-C/10/2015	2015.0	0.009870813122333892	-0.0015944399566197379
A/Hangzhou/A243/2015	2015.0	0.00928025312233389	-0.00218499995661974
A/Mexico/1670/2015	2015.0	0.012230001567133891	7.64748488180261E-4
A/Washington/74/2016	2016.0	0.01281683556713389	-0.0012770291847494543
A/Perth/22/2016	2016.0	0.013407075567133891	-6.867891847494537E-4
A/Idaho/33/2016	2016.0	0.01399958556713389	-9.427918474945451E-5
A/Mississippi/16/2016	2016.0	0.01222714312233389	-0.0018667216295494542
A/Sydney/142/2016	2016.0	0.016353833567133887	0.0022599688152505418
A/NewZealand/2395/2016	2016.0	0.015763603567133886	0.0016697388152505412
A/Brisbane/304/2016	2016.0	0.014583603122333887	4.897383704505417E-4
A/NewZealand/2465/2016	2016.0	0.016355709122333886	0.0022618443704505407
A/NewZealand/577/2016	2016.0	0.014583645122333887	4.897803704505422E-4
A/Norway/3798/2016	2016.0	0.015762436567133886	0.0016685718152505413
A/NewZealand/888/2016	2016.0	0.013994475567133891	-9.938918474945366E-5
A/CostaRica/5828/2016	2016.0	0.01163667056713389	-0.0024571941847494547
A/Indiana/29/2015	2015.0	0.01281608556713389	0.0013508324881802598
A/Wisconsin/69/2016	2016.0	0.013994603567133891	-9.926118474945338E-5
A/Uganda/2447/2016	2016.0	0.018734980567133887	0.004641115815250542
A/SouthCarolina/17/2016	2016.0	0.015765220567133885	0.00167135581525054
A/Hawaii/46/2016	2016.0	0.01222796867753389	-0.0018658960743494542
A/Nevada/22/2016	2016.0	0.01104694523273389	-0.0030469195191494547
A/Roraima/144714-IEC/2016	2016.0	0.01399864867753389	-9.521607434945407E-5
A/Texas/158/2016	2016.0	0.011047392122333891	-0.003046472629549454
A/Mexico/1233/2015	2015.0	0.009279389567133891	-0.002185863511819739
A/Oklahoma/2/2016	2016.0	0.01104838612233389	-0.003045478629549455
A/Idaho/34/2016	2016.0	0.015772416122333887	0.0016785513704505421
A/Arizona/65/2016	2016.0	0.015180666122333887	0.0010868013704505419
A/Texas/83/2016	2016.0	0.01400124212233389	-9.262262954945477E-5
A/Texas/23/2016	2016.0	0.01105003278793389	-0.0030438319639494553
A/Massachusetts/23/2015	2015.0	0.009869012787933892	-0.0015962402910197383
A/Copiapo/13634/2016	2016.0	0.010458586232733892	-0.003635278519149453
A/Anhui-Yingzhou/11352/2014	2014.0	0.007511762567133891	-0.0013248788388909123
A/Chita/267/2014	2014.0	0.010464273011933891	0.0016276316059090877
A/Guizhou-Xinyi/1799/2014	2014.0	0.009279948011933891	4.4330660590908774E-4
A/Shandong-Linzi/323/2014	2014.0	0.01105252801193389	0.002215886605909087
A/Jiangsu-Qingpu/1660/2015	2015.0	0.009879470011933891	-0.001585783067019739
A/Virginia/14/2014	2014.0	0.001021257346333891	-0.007815384059690912
A/SouthAustralia/9/2015	2015.0	0.010211677208866109	-0.001253575870087521
A/Tasmania/1/2015	2015.0	0.0066637937640661084	-0.0048014593148875215
A/Singapore/TT180/2015	2015.0	0.006663008764066109	-0.004802244314887521
A/Indonesia/Nihrd-Dps302/2016	2016.0	0.009027784764066108	-0.005066079987817237
A/Kanagawa/204/2017	2017.0	0.012577747208866109	-0.004144729215946063
A/Brisbane/50/2017	2017.0	0.012578027208866107	-0.0041444492159460646
A/Niigata/509/2017	2017.0	0.013757377208866106	-0.0029650992159460654
A/Singapore/TT0279/2017	2017.0	0.012579527208866109	-0.004142949215946063
A/Hokkaido/1/2017	2017.0	0.010808942764066107	-0.005913533660746064
A/Tokyo/17109/2017	2017.0	0.013168533764066109	-0.003553942660746063
A/Kanagawa/206/2017	2017.0	0.011398195764066109	-0.005324280660746063
A/NewZealand/722/2017	2017.0	0.013759397208866108	-0.0029630792159460635
A/SouthAustralia/65/2017	2017.0	0.011398887208866108	-0.005323589215946063
A/Singapore/KK0262/2017	2017.0	0.01198905720886611	-0.004733419215946062
A/Kanagawa/IC1635/2017	2017.0	0.010219620319266109	-0.006502856105546063
A/Victoria/632/2017	2017.0	0.013170022319266107	-0.003552454105546065
A/Sapporo/45/2017	2017.0	0.010219291319266108	-0.006503185105546063
A/SouthAustralia/1005/2017	2017.0	0.012576932319266109	-0.0041455441055460625
A/Nonthaburi/33/2017	2017.0	0.010810193764066108	-0.005912282660746063
A/SriLanka/72/2014	2014.0	0.007252451764066109	-0.0015841896419586943
A/SriLanka/64/2014	2014.0	0.007253731764066108	-0.001582909641958695
A/Perth/43/2015	2015.0	0.006664254319266108	-0.004800998759687522
A/Indonesia/Nihrd-Jbi248/2016	2016.0	0.010794094319266107	-0.0032997704326172377
A/Indonesia/Nihrd-Btm190/2016	2016.0	0.011981454319266107	-0.0021124104326172375
A/Hyogo/4001/2014	2014.0	0.007253294319266109	-0.0015833470867586946
A/Santiago/68839/2014	2014.0	0.007253404208866108	-0.0015832371971586951
A/Perth/15/2015	2015.0	0.00902393420886611	-0.0024413188700875207
A/Singapore/TT053/2015	2015.0	0.010207014208866109	-0.0012582388700875212
A/Goroka/9/2015	2015.0	0.00902342387446611	-0.00244182920448752
A/Victoria/9/2015	2015.0	0.009023123874466108	-0.002442129204487522
A/SaoPaulo/2-1030/2015	2015.0	0.006073343874466109	-0.005391909204487521
A/SaoPaulo/11-28129/2014	2014.0	0.009616347319266107	7.797059132413041E-4
A/Paraguay/4413/2014	2014.0	0.0072522763192661086	-0.0015843650867586948
A/SriLanka/73/2014	2014.0	0.008433748764066109	-4.028926419586947E-4
A/Victoria/539/2015	2015.0	0.010799408764066109	-6.658443148875211E-4
A/Lao/1047/2015	2015.0	0.009022089319266107	-0.002443163759687523
A/England/335/2015	2015.0	0.010794447319266109	-6.708057596875212E-4
A/Lao/438/2015	2015.0	0.00843113531926611	-0.0030341177596875206
A/Mauritius/I-238/2015	2015.0	0.007842395319266109	-0.0036228577596875214
A/Mali/90CS/2015	2015.0	0.01197004776406611	5.0479468511248E-4
A/Mali/193CI/2015	2015.0	0.013151127764066108	0.0016858746851124776
A/Mali/105CH/2015	2015.0	0.010201458429666108	-0.0012637946492875217
A/Congo/2458/2014	2014.0	0.008431230764066109	-4.054106419586947E-4
A/Moscow/137/2016	2016.0	0.01078926876406611	-0.0033045959878172347
A/SouthAfrica/4940/2015	2015.0	0.010791892429666109	-6.733606492875209E-4
A/SouthAfrica/3913/2015	2015.0	0.009611718540066108	-0.0018535345388875218
A/SouthAfrica/R3328/2016	2016.0	0.01079357554006611	-0.0033002892118172353
A/SouthAfrica/R3720/2015	2015.0	0.009611646540066108	-0.0018536065388875221
A/Zambia/102/2015	2015.0	0.010790854540066109	-6.743985388875211E-4
A/Zambia/1/2015	2015.0	0.011381524540066107	-8.372853888752307E-5
A/SouthAfrica/R3944/2015	2015.0	0.01079245842966611	-6.727946492875204E-4
A/SouthAfrica/4244/2015	2015.0	0.009022098540066109	-0.002443154538887521
A/SouthAfrica/4639/2016	2016.0	0.01316418154006611	-9.296832118172345E-4
A/SouthAfrica/4033/2015	2015.0	0.008432638095266108	-0.0030326149836875215
A/Mozambique/IR493/2015	2015.0	0.008432618429666108	-0.0030326346492875224
A/Guyane/1742/2015	2015.0	0.008432175319266108	-0.0030330777596875216
A/ChiangMai/78/2016	2016.0	0.00843133931926611	-0.005662525432617235
A/NewYork/WC-LVD-15-012/2015	2015.0	0.00902045342966611	-0.0024447996492875206
A/Brisbane/80/2015	2015.0	0.011971140319266108	5.058872403124783E-4
A/Mexico/1401/2015	2015.0	0.010200250319266108	-0.0012650027596875224
A/Kenya/114/2016	2016.0	0.01315393587446611	-9.399288774172357E-4
A/Uganda/1610/2016	2016.0	0.01137851487446611	-0.002715349877417235
A/Uganda/215/2017	2017.0	0.01314804687446611	-0.003574429550346061
A/England/52840541/2015	2015.0	0.011379109319266108	-8.614375968752155E-5
A/Texas/66/2016	2016.0	0.014946289319266105	8.524245673827598E-4
A/SouthAfrica/R2665/2015	2015.0	0.011972574874466107	5.073217955124769E-4
A/Townsville/29/2015	2015.0	0.011379294874466109	-8.595820448752123E-5
A/Peru/71/2015	2015.0	0.010200772984866109	-0.0012644800940875209
A/PuertoRico/40/2015	2015.0	0.010789437984866108	-6.758150940875222E-4
A/Okayama/12/2016	2016.0	0.014332643984866108	2.3877923298276302E-4
A/Tokyo/EH1/2016	2016.0	0.011969530984866108	-0.002124333767017237
A/Nebraska/19/2015	2015.0	0.011971192984866107	5.059399059124774E-4
A/Kanagawa/64/2015	2015.0	0.011380572984866107	-8.468009408752267E-5
A/Sydney/505/2015	2015.0	0.009020386319266108	-0.0024448667596875216
A/Guatemala/4340/2015	2015.0	0.01197451331926611	5.092602403124792E-4
A/Bangkok/43/2015	2015.0	0.009611331429666109	-0.001853921649287521
A/Chanthaburi/594/2015	2015.0	0.011979172429666108	5.13919350712478E-4
A/Wakayama/51/2016	2016.0	0.00902053242966611	-0.005073332322217235
A/Nonthaburi/588/2015	2015.0	0.00961142109526611	-0.0018538319836875206
A/Taiwan/1078/2015	2015.0	0.009611211095266109	-0.001854041983687521
A/PrachuapKhiriKhan/142/2015	2015.0	0.008430999095266109	-0.003034253983687521
A/Nakhonphanom/33/2016	2016.0	0.010794014205666107	-0.003299850546217238
A/Phetchaburi/77/2016	2016.0	0.00961132420566611	-0.004482540546217235
A/Chanthaburi/41/2015	2015.0	0.00784153109526611	-0.00362372198368752
A/Jordan/20479/2016	2016.0	0.010792139095266107	-0.003301725656617238
A/South-Africa/VW0105/2016	2016.0	0.012560726095266109	-0.0015331386566172361
A/Egypt/1519/2016	2016.0	0.011382049540066108	-0.0027118152118172367
A/SouthAustralia/32/2016	2016.0	0.013746429540066107	-3.4743521181723747E-4
A/Bangladesh/3014/2015	2015.0	0.009020426760866108	-0.0024448263180875222
A/Bangladesh/203006/2015	2015.0	0.010201258536866108	-0.0012639945420875216
A/Bangladesh/13004/2015	2015.0	0.009610338536866107	-0.0018549145420875233
A/Bangladesh/3806/2015	2015.0	0.009610345092066108	-0.0018549079868875225
A/Slovenia/129/2016	2016.0	0.01019952509206611	-0.0038943396598172357
A/Oman/5191/2016	2016.0	0.010790328536866109	-0.003303536215017236
A/Cambodia/Z0727327/2015	2015.0	0.009616522984866108	-0.0018487300940875223
A/Bangladesh/202004/2015	2015.0	0.011970202984866108	5.04949905912478E-4
A/Bangladesh/22014/2015	2015.0	0.01078947298486611	-6.757800940875199E-4
A/Lao/535/2015	2015.0	0.009020337984866109	-0.0024449150940875214
A/Colombia/6308/2015	2015.0	0.010791168319266107	-6.740847596875231E-4
A/Peru/6116/2016	2016.0	0.013153408319266108	-9.404564326172364E-4
A/Santiago/3142/2016	2016.0	0.010201281429666108	-0.003892583322217237
A/Lao/375/2015	2015.0	0.01079422831926611	-6.710247596875205E-4
A/PrachuapKhiriKhan/147/2015	2015.0	0.009020908319266108	-0.0024443447596875223
A/Saitama-C/11/2015	2015.0	0.009023335429666109	-0.0024419176492875214
A/Yamaguchi/26/2015	2015.0	0.00961170542966611	-0.0018535476492875201
A/Oita/9/2015	2015.0	0.009611565429666107	-0.0018536876492875227
A/Saitama-C/33/2014	2014.0	0.007252264429666109	-0.0015843769763586946
A/Caen/2343/2014	2014.0	0.007252338984866109	-0.001584302421158694
A/Mali/122CI/2015	2015.0	0.009613879984866108	-0.0018513730940875224
A/Mali/109CH/2015	2015.0	0.009022619984866108	-0.002442633094087522
A/California/133/2015	2015.0	0.010792928984866109	-6.72324094087521E-4
A/Colombia/6352/2015	2015.0	0.009021388984866107	-0.002443864094087523
A/Brazil/4182/2016	2016.0	0.010204538984866108	-0.003889325767017237
A/Sapporo/66/2015	2015.0	0.01079433898486611	-6.709140940875206E-4
A/Brazil/293/2016	2016.0	0.011389688984866107	-0.0027041757670172376
A/Dnipro/768/2016	2016.0	0.01079290898486611	-0.0033009557670172357
A/Slovenia/1307/2016	2016.0	0.011974658984866108	-0.002119205767017237
A/Colombia/6855/2015	2015.0	0.008431600205666108	-0.0030336528732875217
A/Ecuador/2495/2016	2016.0	0.010201166205666107	-0.003892698546217238
A/Argentina/116/2016	2016.0	0.010200176205666107	-0.0038936885462172374
A/Peru/65116/2016	2016.0	0.011386471760866108	-0.0027073929910172365
A/Peru/61016/2016	2016.0	0.011976248760866108	-0.002117615991017237
A/AltoHospicio/47092/2016	2016.0	0.009610778760866107	-0.004483085991017238
A/MatoGrossodoSul/85939/2015	2015.0	0.008433679205666109	-0.0030315738732875214
A/SaoPaulo/3-37389/2015	2015.0	0.00843159365046611	-0.003033659428487521
A/SouthAfrica/4363/2016	2016.0	0.01020129476086611	-0.0038925699910172355
A/Peru/8316/2016	2016.0	0.010789724760866107	-0.003304139991017238
A/Florida/76/2016	2016.0	0.011969848205666107	-0.0021240165462172375
A/Colombia/7208/2015	2015.0	0.010201381650466107	-0.001263871428487523
A/Ecuador/220/2016	2016.0	0.011380911650466109	-0.0027129531014172363
A/Vina/50464/2016	2016.0	0.012560241650466108	-0.001533623101417237
A/Valparaiso/33881/2016	2016.0	0.013150731650466107	-9.43133101417238E-4
A/Stockholm/40/2015	2015.0	0.007842088650466109	-0.0036231644284875214
A/Colombia/2473/2015	2015.0	0.008431898984866109	-0.003033354094087521
A/FrenchGuiana/5020/2015	2015.0	0.010799638984866109	-6.656140940875209E-4
A/BurkinaFaso/640/2015	2015.0	0.01079867154006611	-6.665815388875208E-4
A/Kaliningrad/4/2015	2015.0	0.007252124540066109	-0.004213128538887521
A/SouthAfrica/R3512/2015	2015.0	0.009614726540066107	-0.001850526538887523
A/Taiwan/772/2015	2015.0	0.00843155654006611	-0.0030336965388875203
A/Perth/1055/2014	2014.0	0.0072528940952661086	-0.0015837473107586948
A/California/82/2015	2015.0	0.009614765095266108	-0.0018504879836875217
A/England/45200047/2014	2014.0	0.0066627716504661086	-0.0021738697555586948
A/Alabama/7/2014	2014.0	0.006073377205666109	-0.0027632642003586946
A/Moscow/133/2015	2015.0	0.007252185205666109	-0.004213067873287521
A/Lao/448/2015	2015.0	0.009023521205666109	-0.0024417318732875212
A/Lao/662/2015	2015.0	0.009021314650466107	-0.002443938428487523
A/Florida/44/2015	2015.0	0.007253036536866108	-0.004212216542087522
A/Norway/2177/2015	2015.0	0.007843216536866109	-0.003622036542087521
A/Ecuador/1661/2015	2015.0	0.0072528065368661085	-0.0042124465420875215
A/CoteDIvoire/1672/2015	2015.0	0.00784206253686611	-0.003623190542087521
A/BurkinaFaso/1632/2015	2015.0	0.007842132536866109	-0.003623120542087521
A/Ghana/FS-15-0724/2015	2015.0	0.01020451853686611	-0.0012607345420875202
A/CoteDIvoire/1918/2015	2015.0	0.008432077536866108	-0.0030331755420875215
A/CoteDIvoire/599/2016	2016.0	0.009611443536866108	-0.004482421215017237
A/Brazil/809/2016	2016.0	0.011384483536866108	-0.002709381215017237
A/Stockholm/34/2016	2016.0	0.011973451092066108	-0.002120413659817237
A/Sagamihara/15/2016	2016.0	0.009021587647266108	-0.005072277104617237
A/Ghana/DILI-16-1024/2016	2016.0	0.009611610092066108	-0.004482254659817237
A/Norway/4396/2016	2016.0	0.011381103536866107	-0.0027127612150172377
A/Kursk/1373/2016	2016.0	0.012562653536866107	-0.0015312112150172377
A/Nonthaburi/414/2016	2016.0	0.01197192353686611	-0.0021219412150172354
A/Cameroon/9964/2016	2016.0	0.011971814536866108	-0.002122050215017237
A/Cameroon/7289/2016	2016.0	0.01315188453686611	-9.419802150172352E-4
A/NosyBe/2610/2017	2017.0	0.01314981320246611	-0.003572663222346062
A/Tunisia/755/2017	2017.0	0.014925933202466102	-0.0017965432223460698
A/Tunisia/1596/2017	2017.0	0.0143286566472661	-0.002393819777546071
A/Kristianstad/1/2016	2016.0	0.011970629757666107	-0.002123234994217238
A/Tunisia/1437/2017	2017.0	0.013149916312866109	-0.0035725601119460625
A/Tanzania/4390/2017	2017.0	0.014329906312866101	-0.0023925701119460706
A/Ankara/416/2017	2017.0	0.013149886312866108	-0.003572590111946064
A/SantaCatarina/209/2017	2017.0	0.013740275978466106	-0.002982200446346065
A/SouthAuckland/49/2017	2017.0	0.013741535978466106	-0.0029809404463460656
A/Bangladesh/3028/2017	2017.0	0.012560006978466109	-0.004162469446346063
A/Stockholm/29/2017	2017.0	0.0155149390888661	-0.0012075373359460712
A/SouthAfrica/R06787/2017	2017.0	0.014333419088866102	-0.0023890573359460696
A/Tomsk/3/2017	2017.0	0.013149819757666107	-0.0035726566671460645
A/Ohio/37/2017	2017.0	0.015510389757666103	-0.0012120866671460687
A/Hawaii/42/2017	2017.0	0.0149195297576661	-0.0018029466671460707
A/Algeria/126/2016	2016.0	0.014922203536866102	8.283387849827573E-4
A/Samara/7/2017	2017.0	0.013740803536866106	-0.002981672887946065
A/Samara/6/2017	2017.0	0.012560443536866108	-0.0041620328879460634
A/Chanthaburi/347/2016	2016.0	0.01197049664726611	-0.0021233681046172355
A/Fiji/54/2017	2017.0	0.013150506647266108	-0.0035719697775460635
A/ClermontFerrand/2263/2016	2016.0	0.011970546647266107	-0.0021233181046172375
A/Moscow/96/2017	2017.0	0.013153366647266108	-0.003569109777546063
A/Penza/59/2017	2017.0	0.011969965202466109	-0.004752511222346063
A/SaudiArabia/1001498961/2017	2017.0	0.013740872202466108	-0.002981604222346064
A/Norway/2603/2017	2017.0	0.013149131202466108	-0.0035733452223460638
A/Kaliningrad/21/2017	2017.0	0.014330641202466101	-0.0023918352223460705
A/Magadan/163/2017	2017.0	0.011970489757666108	-0.004751986667146064
A/VinaDelMar/32678/2017	2017.0	0.013741057757666108	-0.0029814186671460637
A/NewZealand/671/2017	2017.0	0.011970101757666107	-0.004752374667146064
A/Iran/57113/2016	2016.0	0.01314972664726611	-9.441381046172356E-4
A/Norway/4437/2016	2016.0	0.011970830647266107	-0.002123034104617238
A/Singapore/TT1374/2016	2016.0	0.013742118647266106	-3.517461046172385E-4
A/Lao/753/2017	2017.0	0.012560595202466107	-0.004161881222346064
A/Delaware/9/2017	2017.0	0.01314993120246611	-0.0035725452223460616
A/England/71360549/2017	2017.0	0.013149302202466108	-0.0035731742223460636
A/HongKong/4177/2017	2017.0	0.015508642202466102	-0.001213834222346069
A/Tunisia/1199/2017	2017.0	0.011380793757666107	-0.0053416826671460645
A/Kyrgyzstan/466/2017	2017.0	0.012560240757666107	-0.004162235667146064
A/Jordan/20157/2017	2017.0	0.011970384312866109	-0.004752092111946063
A/Niigata/770/2017	2017.0	0.0143301773128661	-0.002392299111946071
A/Hubei-Dongbao/1631/2017	2017.0	0.0149202973128661	-0.0018021791119460714
A/Suriname/2032/2017	2017.0	0.0143307107576661	-0.0023917656671460716
A/Darwin/1004/2017	2017.0	0.013149720757666107	-0.0035727556671460645
A/Bremen/27/2017	2017.0	0.012560729757666107	-0.004161746667146065
A/Nakhonphanom/433/2016	2016.0	0.01079140620246611	-0.003302458549417235
A/Cameroon/8767/2016	2016.0	0.012560463536866108	-0.0015334012150172369
A/Mali/35CS/2015	2015.0	0.007252633426466109	-0.004212619652487521
A/NewJersey/26/2014	2014.0	0.008432035764066108	-4.046056419586951E-4
A/Guatemala/9151/2015	2015.0	0.009021242319266109	-0.002444010759687521
A/Guatemala/21/2015	2015.0	0.009021808874466108	-0.002443444204487522
A/Minnesota/61/2015	2015.0	0.009610508874466107	-0.0018547442044875226
A/Kanagawa/169/2014	2014.0	0.010201275764066108	0.001364634358041305
A/Taiwan/596/2015	2015.0	0.011972015764066108	5.06762685112478E-4
A/Shaanxi-Hanbin/1472/2014	2014.0	0.009611402319266108	7.747609132413048E-4
A/Singapore/GP186/2015	2015.0	0.012561759764066108	0.0010965066851124777
A/Singapore/TT259/2015	2015.0	0.011384256319266109	-8.099675968752107E-5
A/SouthAustralia/132/2015	2015.0	0.012563082874466107	0.0010978297955124769
A/Norway/2554/2015	2015.0	0.010790197874466109	-6.750552044875215E-4
A/Singapore/GP464/2015	2015.0	0.012561706319266109	0.001096453240312479
A/Brisbane/1002/2015	2015.0	0.014936896319266108	0.003471643240312478
A/Taiwan/481/2015	2015.0	0.011970298874466108	5.050457955124779E-4
A/Toyama/107/2015	2015.0	0.013159848874466109	0.001694595795512479
A/Mie/19/2015	2015.0	0.014927497429666106	0.003462244350712476
A/Ghana/FS-16-0360/2016	2016.0	0.016102837429666107	0.0020089726777827617
A/Jiangsu-Chongchuan/18/2016	2016.0	0.01433409542966611	2.4023067778276494E-4
A/Morocco/430/2016	2016.0	0.015513155429666105	0.0014192906777827606
A/Macau/611781/2015	2015.0	0.015513235429666105	0.004047982350712475
A/Lao/I439/2015	2015.0	0.011379882540066107	-8.537053888752269E-5
A/Sapporo/64/2015	2015.0	0.01314997254006611	0.0016847194611124792
A/Norway/2541/2015	2015.0	0.01256210754006611	0.0010968544611124793
A/Hangzhou/A545/2015	2015.0	0.011970194095266107	5.049410163124775E-4
A/Hangzhou/A682/2015	2015.0	0.012560610650466108	0.001095357571512478
A/Hangzhou/A607/2015	2015.0	0.01079015165046611	-6.751014284875206E-4
A/NakhonRatachasima/35/2015	2015.0	0.01314959554006611	0.00168434246111248
A/NewYork/63/2015	2015.0	0.013740465540066107	0.0022752124611124767
A/Incheon/1593/2015	2015.0	0.013149195540066109	0.0016839424611124788
A/Hangzhou/A368/2015	2015.0	0.01079009865046611	-6.751544284875205E-4
A/Hangzhou/B544/2015	2015.0	0.01256117754006611	0.0010959244611124797
A/Hangzhou/A549/2015	2015.0	0.01256082754006611	0.00109557446111248
A/CostaRica/3047/2015	2015.0	0.012560834095266107	0.0010955810163124774
A/Alaska/71/2015	2015.0	0.01197006409526611	5.0481101631248E-4
A/Singapore/TT240/2015	2015.0	0.011380211095266109	-8.50419836875213E-5
A/Alaska/240/2015	2015.0	0.013741301095266108	0.0022760480163124784
A/NewYork/64/2015	2015.0	0.011379984205666108	-8.526887328752161E-5
A/Liaoning-Baita/1293/2015	2015.0	0.011970291650466109	5.05038571512479E-4
A/Brisbane/90/2015	2015.0	0.010790641650466108	-6.746114284875218E-4
A/Vietnam/159/2015	2015.0	0.013744054205666108	0.0022788011267124778
A/Wakayama-C/104/2015	2015.0	0.01079014620566611	-6.751068732875204E-4
A/Norway/2533/2015	2015.0	0.011970508205666107	5.052551267124769E-4
A/Taiwan/770/2015	2015.0	0.010790224760866107	-6.750283180875227E-4
A/Denmark/38/2015	2015.0	0.014926094760866107	0.003460841681912477
A/Alaska/76/2015	2015.0	0.011379605760866107	-8.56473180875228E-5
A/HongKong/11743/2015	2015.0	0.01138127787126611	-8.397520768751998E-5
A/Kawasaki/53/2015	2015.0	0.011971657871266108	5.06404792312478E-4
A/Tokyo/50254/2015	2015.0	0.010200839316066107	-0.001264413762887523
A/Thailand/CU-B11055/2014	2014.0	0.010200378764066109	0.0013637373580413052
A/Vietnam/149/2015	2015.0	0.01019959331926611	-0.00126565975968752
A/Marrakech/79/2014	2014.0	0.013152386764066108	0.004315745358041304
A/Vietnam/94/2015	2015.0	0.01255960776406611	0.0010943546851124794
A/Sydney/1005/2015	2015.0	0.01315120776406611	0.0016859546851124806
A/Brisbane/74/2015	2015.0	0.011969595764066109	5.043426851124785E-4
A/Para/134324-IEC/2015	2015.0	0.012560465764066109	0.0010952126851124788
A/Kanagawa/59/2015	2015.0	0.011379328874466108	-8.592420448752178E-5
A/Ecuador/2673/2016	2016.0	0.013149198874466108	-9.446658774172369E-4
A/SouthAustralia/62/2015	2015.0	0.011969515764066109	5.04262685112479E-4
A/Brisbane/47/2015	2015.0	0.011969076764066108	5.038236851124776E-4
A/Kanagawa/61/2015	2015.0	0.013740417764066107	0.002275164685112477
A/NewJersey/56/2015	2015.0	0.012560007764066107	0.001094754685112477
A/Singapore/KK343/2015	2015.0	0.010789062319266109	-6.761907596875213E-4
A/Newcastle/1002/2015	2015.0	0.013740433319266106	0.0022751802403124764
A/SouthAustralia/61/2015	2015.0	0.013150133319266108	0.001684880240312478
A/NewYork/WC-LVD-14-067/2014	2014.0	0.009610143984866107	7.735025788413036E-4
A/Moscow/136/2016	2016.0	0.013151439429666109	-9.424253222172357E-4
A/Hangzhou/A294/2015	2015.0	0.011380029429666108	-8.522364928752191E-5
A/Colombia/6443/2015	2015.0	0.01137999365046611	-8.52594284875205E-5
A/Colombia/7207/2015	2015.0	0.016703170540066106	0.005237917461112476
A/Colombia/6844/2015	2015.0	0.01315004454006611	0.0016847914611124795
A/Ontario/RV2413/2015	2015.0	0.01432876454006611	0.0028635114611124807
A/SaoPaulo/3-22794/2015	2015.0	0.010789030540066108	-6.76222538887522E-4
A/Sydney/509/2015	2015.0	0.00961016365046611	-0.0018550894284875205
A/Norway/2630/2015	2015.0	0.01433129709526611	0.0028660440163124808
A/Norway/2571/2015	2015.0	0.011378903650466107	-8.63494284875227E-5
A/NewYork/WC-LVD-15-047/2015	2015.0	0.010789433650466109	-6.758194284875209E-4
A/Vietnam/105/2015	2015.0	0.010789590205666107	-6.756628732875226E-4
A/Vietnam/117/2015	2015.0	0.013150683650466108	0.0016854305715124779
A/Argentina/103/2015	2015.0	0.01138051676086611	-8.473631808752005E-5
A/Mie/27/2016	2016.0	0.014929808871266107	8.359441193827623E-4
A/Vietnam/6058/2016	2016.0	0.01315840387126611	-9.354608806172345E-4
A/Vietnam/6038/2016	2016.0	0.01433765231606611	2.4378756418276526E-4
A/Hubei-Wuchang/1297/2016	2016.0	0.014929935760866108	8.360710089827632E-4
A/Vietnam/167/2015	2015.0	0.013749365760866106	0.0022841126819124757
A/Ohio/26/2015	2015.0	0.010789219760866109	-6.760333180875211E-4
A/Sydney/9/2016	2016.0	0.01315714331606611	-9.367214358172345E-4
A/Vietnam/148/2015	2015.0	0.00961018987126611	-0.0018550632076875205
A/Fukushima/78/2015	2015.0	0.011380233316066107	-8.501976288752267E-5
A/Ethiopia/1780/2015	2015.0	0.01432992131606611	0.0028646682371124797
A/Oman/5287/2015	2015.0	0.01137893787126611	-8.631520768751996E-5
A/Fes/238/2016	2016.0	0.011969321316066109	-0.002124543435817236
A/SaudiArabia/78572/2015	2015.0	0.012559751316066108	0.0010944982371124783
A/Fes/161/2016	2016.0	0.013151591316066108	-9.422734358172369E-4
A/Bangladesh/9015/2015	2015.0	0.01255847731606611	0.0010932242371124792
A/Oman/5691/2015	2015.0	0.01432781731606611	0.0028625642371124804
A/Bangladesh/5011/2015	2015.0	0.013737537316066108	0.0022722842371124784
A/Singapore/GP484/2015	2015.0	0.009610176760866108	-0.0018550763180875222
A/NewYork/WC-LVD-15-024/2015	2015.0	0.01019957042966611	-0.0012656826492875202
A/Brisbane/12/2015	2015.0	0.010790577764066108	-6.746753148875219E-4
A/Peru/72/2015	2015.0	0.013150744319266109	0.001685491240312479
A/Darwin/13/2016	2016.0	0.011969774319266109	-0.002124090432617236
A/RioGrandeDoNorte/135497-IEC/2015	2015.0	0.010789910874466107	-6.75342204487523E-4
A/Victoria/503/2015	2015.0	0.011970617764066108	5.053646851124784E-4
A/Vietnam/GS150287/2015	2015.0	0.013154157764066109	0.0016889046851124787
A/Jiangxi-Donghu/1218/2015	2015.0	0.010789893764066107	-6.753593148875227E-4
A/Singapore/KK943/2014	2014.0	0.01196939576406611	0.0031327543580413064
A/Brisbane/183/2015	2015.0	0.01196995576406611	5.047026851124799E-4
A/Jordan/20803/2015	2015.0	0.013151859874466109	0.001686606795512479
A/Christchurch/502/2015	2015.0	0.01137906987446611	-8.618320448752076E-5
A/Macau/611637/2015	2015.0	0.013157814874466107	0.0016925617955124775
A/Hubei-Dongbao/1205/2015	2015.0	0.010789273429666107	-6.759796492875232E-4
A/Hangzhou/A546/2015	2015.0	0.010789233984866108	-6.760190940875224E-4
A/Hangzhou/A689/2015	2015.0	0.013152087429666108	0.001686834350712478
A/Brisbane/195/2015	2015.0	0.012562136984866107	0.0010968839059124769
A/NewYork/78/2016	2016.0	0.01137911698486611	-0.0027147477670172344
A/Vietnam/100/2015	2015.0	0.010789553540066107	-6.756995388875232E-4
A/Indonesia/Nihrd-Btm185/2016	2016.0	0.011378945540066108	-0.002714919211817237
A/Yamaguchi/27/2015	2015.0	0.012558345540066108	0.0010930924611124784
A/Anhui-Yingjiang/14135/2015	2015.0	0.011380596650466108	-8.465642848752217E-5
A/Yunnan-Wenshan/1893/2015	2015.0	0.012562016650466107	0.0010967635715124768
A/Lao/933/2015	2015.0	0.01019975720566611	-0.0012654958732875206
A/Toyama/112/2015	2015.0	0.01197214320566611	5.068901267124802E-4
A/Jiangsu-Haizhou/118/2016	2016.0	0.00961018287126611	-0.004483681880617235
A/Vietnam/154/2015	2015.0	0.010789253540066109	-6.759995388875215E-4
A/Niigata/1057/2015	2015.0	0.011379601429666108	-8.565164928752214E-5
A/Bolzano/9/2016	2016.0	0.011969095429666107	-0.0021247693222172376
A/Hangzhou/A647/2015	2015.0	0.012559655429666108	0.0010944023507124777
A/Xinjiang-Tianshan/1287/2016	2016.0	0.017293160429666107	0.0031992956777827618
A/Hangzhou/A639/2015	2015.0	0.014918423429666108	0.0034531703507124784
A/Taiwan/1051/2015	2015.0	0.014329183429666107	0.002863930350712477
A/Oman/5270/2015	2015.0	0.014919378429666109	0.0034541253507124788
A/Bangladesh/1151/2015	2015.0	0.013738257429666108	0.0022730043507124785
A/Chungbuk/1594/2015	2015.0	0.011969236095266109	5.039830163124787E-4
A/Netherlands/3061/2016	2016.0	0.01432921009526611	2.3534534338276458E-4
A/England/61660058/2016	2016.0	0.013148290095266107	-9.455746566172374E-4
A/Norway/2587/2015	2015.0	0.011379896650466109	-8.535642848752148E-5
A/Yokohama/24/2016	2016.0	0.012563419760866109	-0.0015304449910172359
A/Fiji/67/2016	2016.0	0.014328729760866108	2.3486500898276322E-4
A/Fiji/60/2016	2016.0	0.016101769760866105	0.0020079050089827598
A/Taiwan/726/2016	2016.0	0.01255926287126611	-0.0015346018806172354
A/Santiago/24151/2016	2016.0	0.01314841287126611	-9.454518806172353E-4
A/Bourgogne/2294/2016	2016.0	0.01314934942646611	-9.445153254172348E-4
A/Sydney/40/2016	2016.0	0.013149849426466107	-9.440153254172377E-4
A/Tajikistan/15/2016	2016.0	0.012559009426466108	-0.0015348553254172365
A/Antsirabe/2267/2016	2016.0	0.013152829426466107	-9.410353254172381E-4
A/SriLanka/63/2015	2015.0	0.01255921976086611	0.0010939666819124796
A/Okinawa/13/2015	2015.0	0.011969248984866107	5.039959059124771E-4
A/Taiwan/1067/2015	2015.0	0.015513770984866105	0.004048517905912475
A/Odessa/700/2016	2016.0	0.012558705984866109	-0.0015351587670172362
A/Vietnam/172/2015	2015.0	0.012560923540066108	0.001095670461112478
A/Gangwon/1603/2015	2015.0	0.010789170095266108	-6.760829836875218E-4
A/Hubei-Jiangan/1719/2016	2016.0	0.01433318409526611	2.3931934338276492E-4
A/Gifu/32/2016	2016.0	0.013743628316066108	-3.5023643581723676E-4
A/Argentina/190/2017	2017.0	0.016105021760866107	-6.174546639460647E-4
A/Shaanxi-Weibin/5161/2017	2017.0	0.015513315205666105	-0.0012091612191460661
A/HongKong/2302/2016	2016.0	0.013743628316066108	-3.5023643581723676E-4
A/Shanghai-Putuo/1623/2017	2017.0	0.016694671760866107	-2.7804663946064123E-5
A/Taiwan/1096/2016	2016.0	0.015513031760866106	0.0014191670089827614
A/Wakayama/104/2017	2017.0	0.017286355871266108	5.638794464539361E-4
A/Victoria/900/2017	2017.0	0.016102845871266105	-6.196305535460661E-4
A/HongKong/2230/2017	2017.0	0.015512806871266105	-0.0012096695535460666
A/Singapore/TT0292/2017	2017.0	0.016103470316066106	-6.19006108746066E-4
A/Neimenggu-Kundoulun/15/2017	2017.0	0.015512658316066106	-0.0012098181087460656
A/Brisbane/321/2016	2016.0	0.016103256871266108	0.002009392119382763
A/Brisbane/3/2017	2017.0	0.016693996871266107	-2.8479553546064545E-5
A/Norway/4296/2016	2016.0	0.014333736426466109	2.398716745827638E-4
A/HongKong/4124/2017	2017.0	0.017878939871266104	0.0011564634464539328
A/Oklahoma/20/2017	2017.0	0.014922834871266107	-0.0017996415535460643
A/Washington/110/2016	2016.0	0.01492336798166611	8.295032297827645E-4
A/Anhui-Jinghu/611/2017	2017.0	0.014924487981666106	-0.0017979884431460653
A/Hunan-Yanfeng/1478/2017	2017.0	0.016695944536866108	-2.6531887946063676E-5
A/Hunan-Louxin/1333/2017	2017.0	0.016107354536866108	-6.151218879460636E-4
A/Yunnan-Xianggelila/1375/2017	2017.0	0.01433328198166611	-0.0023891944431460622
A/Niigata/926/2016	2016.0	0.014333249426466108	2.3938467458276338E-4
A/Beijing-Huairou/11323/2017	2017.0	0.017285437426466106	5.629610016539346E-4
A/Sichuan-Jinjiang/59/2017	2017.0	0.016103153981666108	-6.193224431460635E-4
A/HongKong/3046/2017	2017.0	0.017285634981666107	5.631585568539356E-4
A/Jiangxi-Donghu/11024/2017	2017.0	0.016102314981666106	-6.20161443146066E-4
A/Yokohama/131/2017	2017.0	0.01492321520566611	-0.0017992612191460623
A/Kanagawa/AC1636/2017	2017.0	0.0190657412056661	0.002343264780853928
A/Taiwan/88089/2017	2017.0	0.015512880316066107	-0.0012095961087460645
A/Alaska/26/2017	2017.0	0.016102598316066107	-6.19878108746065E-4
A/Finland/790/2017	2017.0	0.0196438903160661	0.0029214138912539295
A/Tasmania/44/2017	2017.0	0.018463240316066103	0.001740763891253931
A/Alberta/RV2281/2017	2017.0	0.017872200316066105	0.0011497238912539336
A/Argentina/1994/2017	2017.0	0.018462950316066103	0.001740473891253931
A/LaRioja/271/2017	2017.0	0.017881170316066106	0.001158693891253934
A/Kanagawa/IC1610/2017	2017.0	0.0190774672056661	0.002354990780853928
A/Guangxi-Gangbei/1207/2017	2017.0	0.016694717205666107	-2.7759219146064606E-5
A/Fujian-Licheng/1354/2017	2017.0	0.016699062095266108	-2.3414329546063428E-5
A/Guangdong-Futian/1582/2016	2016.0	0.014333288650466108	2.3942389858276278E-4
A/Dnipro/716/2016	2016.0	0.016693408095266107	0.0025995433433827625
A/Taiwan/791/2016	2016.0	0.016102258095266105	0.0020083933433827604
A/Shizuoka-C/44/2016	2016.0	0.01728401909526611	0.003190154343382764
A/Jilin-Longshan/15/2017	2017.0	0.016693159095266107	-2.9317329546064974E-5
A/Hunan-Jishou/1912/2017	2017.0	0.015512593650466106	-0.0012098827743460654
A/Washington/16/2017	2017.0	0.017874213650466104	0.001151737225653933
A/Guangdong-Dongwanbendi/5342/2016	2016.0	0.015512600205666107	0.0014187354537827622
A/Chongqing-Yuzhong/11421/2016	2016.0	0.014333261871266108	2.3939711938276292E-4
A/Hunan-Louxin/5100/2017	2017.0	0.017286648426466107	5.641720016539356E-4
A/Jiangsu-Haizhou/1692/2017	2017.0	0.017284238426466106	5.617620016539343E-4
A/Hunan-Yuhua/11237/2017	2017.0	0.019645368426466102	0.0029228920016539303
A/Hunan-Zhuhui/1502/2017	2017.0	0.017880388426466103	0.001157912001653931
A/Mahasarakham/123/2017	2017.0	0.017288558426466108	5.660820016539364E-4
A/Sichuan-Wuhou/2202/2016	2016.0	0.016695519095266106	0.0026016543433827616
A/Beijing-Xicheng/12534/2016	2016.0	0.016103669095266105	0.00200980434338276
A/HongKong/2298/2016	2016.0	0.01433368354006611	2.3981878818276486E-4
A/Shizuoka/29/2015	2015.0	0.010789613874466107	-6.756392044875228E-4
A/Kanagawa/197/2016	2016.0	0.014929085874466109	8.35221122582764E-4
A/Hunan-Wuling/11088/2015	2015.0	0.01078921387446611	-6.760392044875205E-4
A/Nagano/2513/2015	2015.0	0.01256693387446611	0.0011016807955124795
A/Brisbane/197/2015	2015.0	0.014921513874466108	0.003456260795512478
A/Hyogo/1041/2015	2015.0	0.013742042874466107	0.0022767897955124766
A/Lebanon/1107/2016	2016.0	0.017876659429666104	0.0037827946777827595
A/Lebanon/998/2016	2016.0	0.014921573429666109	8.277086777827639E-4
A/HongKong/50/2016	2016.0	0.017289760540066108	0.003195895788182763
A/HongKong/39/2016	2016.0	0.013742033650466109	-3.518311014172361E-4
A/Jordan/20531/2016	2016.0	0.01433193909526611	2.380743433827645E-4
A/Jordan/20455/2016	2016.0	0.016103229095266108	0.002009364343382763
A/HongKong/97/2016	2016.0	0.014332385984866108	2.385212329827635E-4
A/Shanxi-Chengqu/1187/2016	2016.0	0.015513762540066107	0.001419897788182762
A/Shizuoka/34/2015	2015.0	0.014331562540066109	0.002866309461112479
A/Ancona/4/2016	2016.0	0.01433240220566611	2.385374537827653E-4
A/Osaka/59/2016	2016.0	0.014922388760866108	8.285240089827631E-4
A/Heilongjiang-Yichun/1567/2017	2017.0	0.01433212876086611	-0.0023903476639460623
A/Yunnan-Chuxiong/11212/2015	2015.0	0.014922962540066108	0.003457709461112478
A/Nagano-C/21/2016	2016.0	0.014922502540066107	8.286377881827622E-4
A/Taiwan/820/2016	2016.0	0.014921425984866107	8.275612329827625E-4
A/Peru/8817/2017	2017.0	0.017289173540066104	5.666971152539328E-4
A/Peru/1617/2017	2017.0	0.016102493540066105	-6.199828847460662E-4
A/Zaporizhia/156/2017	2017.0	0.015513101095266105	-0.0012093753295460662
A/Taiwan/914/2016	2016.0	0.015513131095266107	0.001419266343382762
A/HongKong/2391/2016	2016.0	0.013152490760866109	-9.413739910172358E-4
A/Gifu-C/10/2017	2017.0	0.015511930095266108	-0.001210546329546064
A/Taiwan/97813/2017	2017.0	0.014921440095266109	-0.001801036329546063
A/Yokohama/101/2015	2015.0	0.014331707984866108	0.002866454905912478
A/Washington/74/2015	2015.0	0.014921067984866108	0.0034558149059124785
A/Jiangxi-Yuehu/1299/2016	2016.0	0.014332062650466108	2.3819789858276277E-4
A/Yamagata/75/2016	2016.0	0.01492143965046611	8.275748985827648E-4
A/Taiwan/455/2016	2016.0	0.015511049650466107	0.0014171848985827622
A/Bangladesh/4017/2016	2016.0	0.013741868650466109	-3.51996101417236E-4
A/Vietnam/6017/2016	2016.0	0.017284001650466105	0.00319013689858276
A/Kanagawa/196/2016	2016.0	0.015510685316066107	0.0014168205641827622
A/Valparaiso/54802/2017	2017.0	0.019640722205666105	0.0029182457808539335
A/Vietnam/6181/2016	2016.0	0.017869555650466103	0.0037756908985827585
A/Taiwan/87302/2016	2016.0	0.017280305650466107	0.0031864408985827625
A/Vietnam/7654/2016	2016.0	0.017280185650466108	0.003186320898582763
A/Vietnam/16021/2016	2016.0	0.016689845650466106	0.0025959808985827615
A/Lao/F2884/2016	2016.0	0.018460602650466104	0.004366737898582759
A/Vietnam/6179/2016	2016.0	0.016689350650466107	0.002595485898582762
A/Ibaraki/68/2016	2016.0	0.016690029650466107	0.0025961648985827618
A/Talca/14380/2016	2016.0	0.013742075650466107	-3.517891014172374E-4
A/SriLanka/61/2015	2015.0	0.016103778650466107	0.004638525571512477
A/Fukui/48/2016	2016.0	0.015511638650466106	0.001417773898582761
A/HongKong/1705/2016	2016.0	0.016107675760866108	0.0020138110089827632
A/Shaanxi-Weicheng/1637/2015	2015.0	0.013742063760866109	0.0022768106819124785
A/Norway/2629/2015	2015.0	0.013152488316066108	0.0016872352371124777
A/Norway/4075/2016	2016.0	0.016692431760866107	0.002598567008982762
A/Alaska/232/2015	2015.0	0.012563062871266108	0.0010978097923124777
A/Jilin-Ningjiang/1299/2017	2017.0	0.016103167316066105	-6.193091087460662E-4
A/Liaoning-Lianshan/1173/2016	2016.0	0.014921157316066108	8.272925641827633E-4
A/Zhejiang-Nanhu/1975/2016	2016.0	0.016692618316066107	0.002598753564182762
A/Beijing-Chaoyang/1551/2016	2016.0	0.014929133316066108	8.352685641827631E-4
A/NewMexico/32/2015	2015.0	0.014331963316066107	0.002866710237112477
A/HongKong/15609/2015	2015.0	0.01256307598166611	0.0010978229027124795
A/Heilongjiang-Longsha/1598/2015	2015.0	0.013742552536866109	0.0022772994579124788
A/Osaka-C/2008/2016	2016.0	0.014331959536866109	2.38094784982764E-4
A/Panama/322597/2017	2017.0	0.016105189536866106	-6.172868879460655E-4
A/Yamagata/121/2017	2017.0	0.019058971647266106	0.0023364952224539347
A/Cambodia/Fss33782/2016	2016.0	0.016702500647266107	0.0026086358953827625
A/Vietnam/6046/2016	2016.0	0.014920978647266107	8.271138953827618E-4
A/Vietnam/48/2016	2016.0	0.016101451647266105	0.0020075868953827597
A/Vietnam/6037/2016	2016.0	0.014332518202466109	2.3865345058276394E-4
A/Yokohama/125/2016	2016.0	0.016691768202466106	0.0025979034505827607
A/SriLanka/49/2016	2016.0	0.013742088647266108	-3.517761046172366E-4
A/SriLanka/40/2016	2016.0	0.015513242757666107	0.001419378005782762
A/SriLanka/45/2016	2016.0	0.01433191275766611	2.3804800578276428E-4
A/Sydney/52/2016	2016.0	0.012563148088866109	-0.0015307166630172363
A/Victoria/2516/2016	2016.0	0.015513378533666106	0.0014195137817827608
A/Gansu-Chengguan/1657/2016	2016.0	0.013152615088866108	-9.412496630172365E-4
A/Tochigi/16153/2016	2016.0	0.014334488088866108	2.4062333698276345E-4
A/Beijing-Xicheng/1540/2016	2016.0	0.01315258008886611	-9.412846630172354E-4
A/Ghana/DILI-16-0320/2016	2016.0	0.013152628644066109	-9.412361078172359E-4
A/Sydney/88/2016	2016.0	0.014921654644066109	8.277898921827641E-4
A/Aomori/13/2016	2016.0	0.013152634754466107	-9.412299974172374E-4
A/Azerbaijan/899/2016	2016.0	0.015512177754466106	0.0014183130025827613
A/Pakistan/1370/2016	2016.0	0.015512097754466107	0.0014182330025827618
A/HongKong/1706/2016	2016.0	0.013152660309666109	-9.412044422172361E-4
A/Wakayama/150/2016	2016.0	0.014922564309666108	8.286995577827631E-4
A/Victoria/2/2016	2016.0	0.012563187420066107	-0.001530677331817238
A/Paris/2759/2016	2016.0	0.01433204186486611	2.3817711298276464E-4
A/Paris/1232/2017	2017.0	0.019075361864866105	0.0023528854400539333
A/WestVirginia/1/2017	2017.0	0.013742042420066106	-0.002980434004746065
A/Myanmar/16M459/2016	2016.0	0.016103695864866107	0.002009831112982762
A/Ayutthaya/411/2016	2016.0	0.016103619420066106	0.0020097546681827616
A/Ceara/145874-IEC/2017	2017.0	0.01433160842006611	-0.002390868004746062
A/SaudiArabia/190511/2016	2016.0	0.013742074975266107	-3.5178977661723745E-4
A/Yokohama/200/2016	2016.0	0.014922477751266108	8.286129993827634E-4
A/Shiga/22/2017	2017.0	0.015513447751266108	-0.0012090286735460636
A/Bangladesh/222/2016	2016.0	0.013152619420066108	-9.412453318172372E-4
A/Illinois/49/2016	2016.0	0.013742686751266109	-3.5117800061723603E-4
A/Netherlands/2007/2017	2017.0	0.014334566751266108	-0.0023879096735460632
A/Yunnan-Chuxiong/1376/2017	2017.0	0.014924183306466107	-0.001798293118346065
A/Fes/315/2016	2016.0	0.013742813306466109	-3.510514454172359E-4
A/Sweden/67/2017	2017.0	0.013152772751266108	-0.003569703673546063
A/Tokushima/4/2016	2016.0	0.01315270064406611	-9.411641078172356E-4
A/Guangdong-Zhongshan/1215/2016	2016.0	0.013742798423266107	-3.5106632861723816E-4
A/Ontario/RV2414/2015	2015.0	0.012563095647266109	0.0010978425683124786
A/Argentina/943/2016	2016.0	0.01492141231606611	8.275475641827644E-4
A/Colombia/1408/2016	2016.0	0.016100837316066107	0.0020069725641827622
A/Bretagne/2837/2016	2016.0	0.017872086316066103	0.003778221564182758
A/Tasmania/3/2016	2016.0	0.014332336095266109	2.384713433827637E-4
A/Brisbane/66/2016	2016.0	0.019089346095266104	0.004995481343382759
A/Neimenggu-Xilinhaote/1166/2016	2016.0	0.015515047095266108	0.0014211823433827632
A/Bangladesh/4001/2016	2016.0	0.016697247095266106	0.002603382343382761
A/Georgia/1041/2016	2016.0	0.015513680205666108	0.0014198154537827627
A/Oman/4800/2016	2016.0	0.014922130205666108	8.28265453782763E-4
A/Pennsylvania/52/2015	2015.0	0.014331950205666109	0.0028666971267124787
A/Singapore/Inftt-16-0612/2016	2016.0	0.017875316205666104	0.0037814514537827595
A/Bangladesh/5009/2016	2016.0	0.016103450205666107	0.0020095854537827626
A/Sydney/30/2016	2016.0	0.014921157205666107	8.272924537827617E-4
A/Newcastle/30/2016	2016.0	0.016100512205666107	0.0020066474537827617
A/SouthAustralia/135/2016	2016.0	0.019653803205666103	0.005559938453782758
A/Ibaraki/63/2016	2016.0	0.017282887871266105	0.00318902311938276
A/SouthAfrica/3437/2016	2016.0	0.014921254426466107	8.273896745827625E-4
A/Kenya/115/2016	2016.0	0.017284588092066105	0.00319072334018276
A/Congo/947/2016	2016.0	0.015511418092066107	0.0014175533401827624
A/Rwanda/665/2016	2016.0	0.014921274536866109	8.27409784982764E-4
A/Antananarivo/1067/2016	2016.0	0.016694415316066108	0.002600550564182763
A/Mayotte/2110/2016	2016.0	0.014921196316066108	8.273315641827636E-4
A/Shimane/50/2016	2016.0	0.016100729316066105	0.00200686456418276
A/Oman/4909/2016	2016.0	0.015511239316066107	0.001417374564182762
A/Amapa/146988-IEC/2017	2017.0	0.01433161553686611	-0.002390860887946062
A/Philippines/7/2017	2017.0	0.016101502092066105	-6.209743327460666E-4
A/Kanagawa/IC1616/2017	2017.0	0.015511042092066107	-0.0012114343327460642
A/Virginia/1/2017	2017.0	0.019051648871266105	0.0023291724464539337
A/Sydney/42/2017	2017.0	0.017280764871266105	5.582884464539334E-4
A/Norway/4097/2016	2016.0	0.016691865426466106	0.002598000674582761
A/Singapore/TT0348/2017	2017.0	0.018462848647266102	0.0017403722224539307
A/Guyane/590/2016	2016.0	0.016691404647266105	0.0025975398953827604
A/Suriname/1716/2016	2016.0	0.017281289316066106	0.0031874245641827607
A/Washington/106/2016	2016.0	0.0214145573160661	0.007320692564182756
A/NewJersey/28/2016	2016.0	0.019051335316066103	0.004957470564182758
A/Vermont/11/2017	2017.0	0.019051679316066102	0.0023292028912539307
A/Singapore/Infimh-16-0019/2016	2016.0	0.017872459316066104	0.0037785945641827592
A/Hawaii/63/2016	2016.0	0.017284519316066106	0.0031906545641827606
A/Tunisia/1031/2017	2017.0	0.016691919316066107	-3.055710874606474E-5
A/Dnipro/582/2016	2016.0	0.014331635760866109	2.3777100898276365E-4
A/Singapore/INFKK-16-0529/2016	2016.0	0.016693666205666105	0.00259980145378276
A/FrancheComte/2323/2016	2016.0	0.016101756205666107	0.0020078914537827626
A/FriuliVeneziaGiulia/14/2016	2016.0	0.014921685871266108	8.278211193827635E-4
A/Netherlands/1999/2017	2017.0	0.017282839316066105	5.603628912539335E-4
A/SriLanka/41/2016	2016.0	0.018464410760866103	0.0043705460089827584
A/SouthAfrica/5034/2016	2016.0	0.017871266760866103	0.003777402008982758
A/Orebro/2/2016	2016.0	0.017871286760866103	0.003777422008982758
A/Pakistan/1442/2016	2016.0	0.017281893316066107	0.003188028564182762
A/Panama/322548/2017	2017.0	0.017280933316066106	5.584568912539341E-4
A/Miyazaki/49/2016	2016.0	0.017280283316066108	0.003186418564182763
A/Netherlands/2009/2017	2017.0	0.019049853316066102	0.002327376891253931
A/Norway/4314/2016	2016.0	0.018460533316066105	0.00436666856418276
A/Norway/4051/2016	2016.0	0.017280403316066107	0.003186538564182762
A/Aichi/109/2016	2016.0	0.020231006760866102	0.006137142008982757
A/Philippines/2/2017	2017.0	0.0214131467608661	0.004690670336053929
A/Taiwan/397/2017	2017.0	0.0220048267608661	0.005282350336053929
A/Taiwan/1095/2016	2016.0	0.0208213333160661	0.006727468564182756
A/Kyiv/80/2017	2017.0	0.019049736316066105	0.0023272598912539334
A/Norway/3813/2016	2016.0	0.016100828760866107	0.0020069640089827624
A/India/7925/2016	2016.0	0.017281652205666107	0.0031877874537827623
A/SouthAustralia/67/2017	2017.0	0.019653878760866102	0.002931402336053931
A/NewHampshire/22/2016	2016.0	0.017873326760866105	0.0037794620089827598
A/Newcastle/22/2017	2017.0	0.019051613760866105	0.002329137336053933
A/Linkoping/4/2017	2017.0	0.019051453760866102	0.0023289773360539306
A/Greece/4/2017	2017.0	0.019641713760866104	0.002919237336053933
A/Uruguay/43/2017	2017.0	0.017869701871266103	0.001147225446453931
A/Florida/58/2017	2017.0	0.019640896871266102	0.002918420446453931
A/SouthAuckland/45/2017	2017.0	0.019049190316066104	0.002326713891253933
A/Egypt/3562/2017	2017.0	0.017871163426466104	0.0011486870016539329
A/Alaska/28/2017	2017.0	0.019051283426466104	0.0023288070016539326
A/Sweden/60/2017	2017.0	0.017869451426466103	0.001146975001653932
A/Sweden/69/2017	2017.0	0.017281633426466107	5.59157001653935E-4
A/Rengo/53924/2017	2017.0	0.017870493426466103	0.0011480170016539316
A/Kyiv/927/2016	2016.0	0.016690576316066106	0.002596711564182761
A/Bangkok/35/2017	2017.0	0.019056583760866105	0.002334107336053933
A/Norway/4395/2016	2016.0	0.017871553760866105	0.0037776890089827597
A/Thailand/46/2017	2017.0	0.0214121737608661	0.004689697336053927
A/StPetersburg/274/2017	2017.0	0.020230543760866103	0.0035080673360539313
A/Stockholm/27/2017	2017.0	0.018460951760866103	0.001738475336053931
A/SouthAfrica/R06409/2017	2017.0	0.0208228237608661	0.0041003473360539285
A/Florida/15/2017	2017.0	0.017871510316066104	0.0011490338912539325
A/Argentina/162/2017	2017.0	0.0208220437608661	0.00409956733605393
A/Singapore/INFTT-16-0411/2016	2016.0	0.016692693205666107	0.0025988284537827623
A/Malaysia/1358/2016	2016.0	0.014331609760866108	2.3774500898276346E-4
A/Ecuador/1607/2017	2017.0	0.022596413205666105	0.005873936780853933
A/Florida/91/2016	2016.0	0.0208230832056661	0.0067292184537827565
A/Sydney/103/2017	2017.0	0.02614223320566611	0.009419756780853938
A/SouthAustralia/116/2017	2017.0	0.022591933205666104	0.005869456780853932
A/Hyogo/HH01/2017	2017.0	0.0208237112056661	0.004101234780853929
A/Singapore/GP2646/2016	2016.0	0.020827077760866102	0.006733213008982757
A/Texas/68/2017	2017.0	0.019643767760866106	0.002921291336053934
A/Bahrain/786/2016	2016.0	0.017875327426466105	0.0037814626745827605
A/Bahrain/797/2016	2016.0	0.017875394981666105	0.0037815302297827605
A/Sydney/52/2017	2017.0	0.020827668426466103	0.004105192001653931
A/Netherlands/1992/2017	2017.0	0.019647462536866105	0.002924986112053933
A/Zaporizhia/159/2017	2017.0	0.019644212536866105	0.0029217361120539333
A/Netherlands/2001/2017	2017.0	0.017875376202466105	0.0011528997776539332
A/PuertoRico/11/2017	2017.0	0.019645562202466105	0.002923085777653933
A/Antananarivo/1630/2017	2017.0	0.019055452202466103	0.002332975777653932
A/Stockholm/28/2017	2017.0	0.021417822202466102	0.004695345777653931
A/Orebro/1/2017	2017.0	0.019646593202466103	0.0029241167776539317
A/Kanagawa/AC1606/2016	2016.0	0.017875396092066103	0.003781531340182758
A/Oman/8000/2016	2016.0	0.018469489426466104	0.004375624674582759
A/Wisconsin/85/2016	2016.0	0.017286025981666106	0.003192161229782761
A/Victoria/2087/2017	2017.0	0.0208244744264661	0.0041019980016539295
A/Sydney/1049/2017	2017.0	0.0214142004264661	0.004691724001653928
A/SouthAfrica/R07360/2017	2017.0	0.0225948504264661	0.00587237400165393
A/Taiwan/531/2017	2017.0	0.023185454426466103	0.006462978001653932
A/Saitama/244/2017	2017.0	0.020234632536866103	0.003512156112053931
A/Osaka/175/2017	2017.0	0.020824021536866102	0.00410154511205393
A/Osaka/176/2017	2017.0	0.020824131536866103	0.004101655112053931
A/SouthAustralia/70/2017	2017.0	0.022597581536866102	0.005875105112053931
A/Singapore/MOH0087/2017	2017.0	0.0202331775368661	0.00351070111205393
A/Victoria/646/2017	2017.0	0.0220027415368661	0.005280265112053928
A/Connecticut/26/2017	2017.0	0.020234285981666104	0.003511809556853932
A/Tanzania/4384/2017	2017.0	0.020830003205666102	0.00410752678085393
A/India/8359/2016	2016.0	0.019055583205666103	0.004961718453782758
A/SriLanka/32/2016	2016.0	0.020235733205666104	0.00614186845378276
A/Pennsylvania/257/2017	2017.0	0.0208249052056661	0.004102428780853928
A/Guatemala/199/2017	2017.0	0.022006075205666102	0.005283598780853931
A/Bangladesh/8007/2017	2017.0	0.023781275205666103	0.007058798780853932
A/Algeria/85/2016	2016.0	0.020235091205666102	0.0061412264537827575
A/Norway/4112/2016	2016.0	0.017875320871266104	0.0037814561193827596
A/Fukui/63/2016	2016.0	0.0214128777608661	0.007319013008982755
A/Bahrain/801/2016	2016.0	0.019660286205666105	0.00556642145378276
A/Oman/5217/2016	2016.0	0.016103266205666107	0.0020094014537827623
A/Chiba-C/86/2016	2016.0	0.016694686205666106	0.002600821453782761
A/Ontario/RV0766/2016	2016.0	0.016103496205666108	0.0020096314537827627
A/HongKong/98/2016	2016.0	0.014921776205666107	8.27911453782762E-4
A/Algeria/G0619/2016	2016.0	0.014921622760866109	8.277580089827638E-4
A/Oman/4554/2016	2016.0	0.017284536205666105	0.0031906714537827605
A/Guatemala/5015/2015	2015.0	0.010205765764066108	-0.0012594873148875224
A/NewYork/WC-LVD-15-005/2015	2015.0	0.00902243276406611	-0.0024428203148875206
A/Yokohama/88/2015	2015.0	0.007252055319266109	-0.004213197759687521
A/Singapore/GP159/2015	2015.0	0.008432208984866109	-0.003033044094087521
A/Brazil/2047/2015	2015.0	0.007841358984866108	-0.0036238940940875215
A/NewYork/WC-LVD-14-071/2014	2014.0	0.0072520669848661085	-0.0015845744211586948
A/Lao/179/2015	2015.0	0.009021361984866107	-0.0024438910940875226
A/Ukraine/6809/2015	2015.0	0.00843106854006611	-0.00303418453888752
A/Canberra/101/2015	2015.0	0.009610698540066107	-0.0018545545388875227
A/Moscow/134/2015	2015.0	0.008430621984866108	-0.003034631094087522
A/Vladimir/137/2015	2015.0	0.009610361984866107	-0.0018548910940875234
A/Fiji/27/2014	2014.0	0.007841894764066108	-9.947466419586957E-4
A/NewYork/WC-LVD-14-084/2014	2014.0	0.007842954764066108	-9.93686641958695E-4
A/Nepal/401/2015	2015.0	0.009616924764066108	-0.001848328314887522
A/Tanzania/609/2014	2014.0	0.009022994764066108	1.8635335804130515E-4
A/Rwanda/635/2016	2016.0	0.011973114764066109	-0.002120749987817236
A/Congo/560/2016	2016.0	0.013155904764066109	-9.379599878172364E-4
A/Oita/17/2014	2014.0	0.009023485764066107	1.8684435804130345E-4
A/Victoria/857/2015	2015.0	0.01140054176406611	-6.471131488752085E-5
A/Perth/40/2015	2015.0	0.007841632764066108	-0.0036236203148875216
A/Bulgaria/253/2015	2015.0	0.010204434764066107	-0.0012608183148875227
A/England/50100055/2014	2014.0	0.007252901319266109	-0.0015837400867586941
A/Singapore/GP244/2015	2015.0	0.010204744764066107	-0.0012605083148875228
A/Taiwan/553/2015	2015.0	0.008432669874466107	-0.0030325832044875226
A/Tomsk/5/2015	2015.0	0.007842076429666108	-0.003623176649287522
A/Lao/529/2015	2015.0	0.00843272642966611	-0.0030325266492875202
A/Brazil/9850/2015	2015.0	0.008431723319266109	-0.0030335297596875213
A/Victoria/944/2014	2014.0	0.009021816764066107	1.8517535804130417E-4
A/NewYork/WC-LVD-14-066/2014	2014.0	0.008431308764066107	-4.0533264195869584E-4
A/Cambodia/Y1218307/2014	2014.0	0.00843237876406611	-4.042626419586935E-4
A/Novosibirsk/RII47/2014	2014.0	0.01020572876406611	0.0013690873580413064
A/Cameroon/15V-2465/2015	2015.0	0.00843177976406611	-0.0030334733148875206
A/Oman/4940/2015	2015.0	0.010790459764066108	-6.747933148875222E-4
A/Cameroon/15V-9237/2015	2015.0	0.011970229764066108	5.049766851124779E-4
A/Norway/2475/2015	2015.0	0.011981419764066109	5.161666851124791E-4
A/Amasya/1539/2014	2014.0	0.010201659764066107	0.001365018358041304
A/Sydney/529/2014	2014.0	0.00784441420886611	-9.92227197158694E-4
A/Antalya/1183/2014	2014.0	0.007846514208866109	-9.901271971586943E-4
A/Thailand/CU-B11367/2014	2014.0	0.008440994653666108	-3.956467523586957E-4
A/HongKong/4801/2014	2014.0	0.007256744653666108	-0.0015798967523586952
