1	10303
0.999999707543	10203
0.999999257608	10103
0.999998807674	10003
0.999998357739	9903
0.999997907805	9803
0.99999745787	9703
0.999997007936	9603
0.999996548103	9503
0.999995998283	9403
0.999995404369	9303
0.999994785259	9203
0.999987825673	9103
0.99989189874	9003
0.999783920762	8903
0.999653174299	8803
0.999530241399	8703
0.999435612977	8603
0.999249327501	8503
0.999003201638	8403
0.998734085922	8303
0.998519046032	8203
0.998272950765	8103
0.997946091357	8003
0.997583274984	7903
0.997250570927	7803
0.996854094955	7703
0.996441854179	7603
0.99591926787	7503
0.995366129209	7403
0.994733894764	7303
0.994076051849	7203
0.993339000666	7103
0.992530034655	7003
0.991706645543	6903
0.990695343992	6803
0.989801253075	6703
0.988666833251	6603
0.987555716434	6503
0.986358101511	6403
0.984981100407	6303
0.983458104561	6203
0.981927923261	6103
0.980207036329	6003
0.978424514671	5903
0.976454205655	5803
0.974273923912	5703
0.971977721947	5603
0.969525311727	5503
0.96682762692	5403
0.963986755862	5303
0.960716951457	5203
0.957303728635	5103
0.9536735681	5003
0.949600772814	4903
0.945565302293	4803
0.941023987526	4703
0.935893773304	4603
0.930575290295	4503
0.924876972591	4403
0.918664464355	4303
0.912595773179	4203
0.90564958197	4103
0.898739584391	4003
0.891594747106	3903
0.883359470193	3803
0.874987523879	3703
0.866265822791	3603
0.856818794913	3503
0.846537651486	3403
0.836090326555	3303
0.825028931035	3203
0.813194126926	3103
0.801057922503	3003
0.788141759344	2903
0.774754805434	2803
0.760688525136	2703
0.746203395425	2603
0.73059105204	2503
0.71510030165	2403
0.698691287163	2303
0.682205131409	2203
0.664815669179	2103
0.646595145554	2003
0.628185159017	1903
0.608819330753	1803
0.589113891038	1703
0.568074676325	1603
0.546342353732	1503
0.523474947211	1403
0.500427970036	1303
0.476015663958	1203
0.450137479418	1103
0.423887828964	1003
0.395645864998	903
0.367361250843	803
0.336695276522	703
0.305194677326	603
0.271269437866	503
0.233386898604	403
0.192969852276	303
0.146017621794	203
0.0915708514452	110
0.060960415238	61
0.0390578509324	35
0.0289094075833	22
0.0212978415555	15
0.0125811932317	9
0.00695905663561	5
0.00379568783381	4
0.00179737579543	3