1	10303
1.0	10293
1.0	10283
1.0	10273
0.999999977503	10263
0.99999993251	10253
0.999999887516	10243
0.999999842523	10233
0.999999797529	10223
0.999999752536	10213
0.999999707543	10203
0.999999662549	10193
0.999999617556	10183
0.999999572562	10173
0.999999527569	10163
0.999999482575	10153
0.999999437582	10143
0.999999392588	10133
0.999999347595	10123
0.999999302602	10113
0.999999257608	10103
0.999999212615	10093
0.999999167621	10083
0.999999122628	10073
0.999999077634	10063
0.999999032641	10053
0.999998987647	10043
0.999998942654	10033
0.999998897661	10023
0.999998852667	10013
0.999998807674	10003
0.99999876268	9993
0.999998717687	9983
0.999998672693	9973
0.9999986277	9963
0.999998582706	9953
0.999998537713	9943
0.999998492719	9933
0.999998447726	9923
0.999998402733	9913
0.999998357739	9903
0.999998312746	9893
0.999998267752	9883
0.999998222759	9873
0.999998177765	9863
0.999998132772	9853
0.999998087778	9843
0.999998042785	9833
0.999997997792	9823
0.999997952798	9813
0.999997907805	9803
0.999997862811	9793
0.999997817818	9783
0.999997772824	9773
0.999997727831	9763
0.999997682837	9753
0.999997637844	9743
0.999997592851	9733
0.999997547857	9723
0.999997502864	9713
0.99999745787	9703
0.999997412877	9693
0.999997367883	9683
0.99999732289	9673
0.999997277896	9663
0.999997232903	9653
0.999997187909	9643
0.999997142916	9633
0.999997097923	9623
0.999997052929	9613
0.999997007936	9603
0.999996962942	9593
0.999996917949	9583
0.999996872955	9573
0.999996827962	9563
0.999996782968	9553
0.999996737975	9543
0.999996692982	9533
0.999996647988	9523
0.999996597595	9513
0.999996548103	9503
0.99999649771	9493
0.999996450017	9483
0.999996400524	9473
0.999996349232	9463
0.99999629074	9453
0.999996232249	9443
0.999996173757	9433
0.999996106267	9423
0.999996043276	9413
0.999995984785	9403
0.999995935292	9393
0.999995885799	9383
0.999995827308	9373
0.999995773315	9363
0.999995714824	9353
0.999995642834	9343
0.999995593342	9333
0.99999553485	9323
0.999995485357	9313
0.999995431365	9303
0.999995368374	9293
0.999995309883	9283
0.999995255891	9273
0.999995201899	9263
0.999995147907	9253
0.999995089415	9243
0.999995021925	9233
0.999994972432	9223
0.999994904942	9213
0.999994827553	9203
0.999994767262	9193
0.999994677275	9183
0.999994618784	9173
0.999994528797	9163
0.999994456807	9153
0.999994398316	9143
0.999994320927	9133
0.999994226441	9123
0.999994086961	9113
0.999993973578	9103
0.999993909687	9093
0.999988879419	9083
0.999984139809	9073
0.999977836227	9063
0.999972769965	9053
0.999962591547	9043
0.999946629671	9033
0.999930662396	9023
0.999917339836	9013
0.999906675488	9003
0.999890699215	8993
0.999882681382	8983
0.999872017935	8973
0.999864004601	8963
0.999853333055	8953
0.999842643512	8943
0.999829316452	8933
0.999815989393	8923
0.999805309748	8913
0.999794639101	8903
0.999775992916	8893
0.999752037504	8883
0.999746663487	8873
0.999738634856	8863
0.999722636985	8853
0.999717251269	8843
0.999711883551	8833
0.999698539394	8823
0.999682550522	8813
0.999669215364	8803
0.999658537518	8793
0.999639877835	8783
0.999629185592	8773
0.999618468152	8763
0.999610435022	8753
0.999597081866	8743
0.999581065998	8733
0.999565040232	8723
0.999562320828	8713
0.999546295961	8703
0.99953558662	8693
0.999522216367	8683
0.999503504492	8673
0.999495418269	8663
0.999476706394	8653
0.999471291882	8643
0.999457801046	8633
0.999446986421	8623
0.999433476688	8613
0.999419949857	8603
0.999411774548	8593
0.999398009252	8583
0.999392330179	8573
0.999383614048	8563
0.999367685467	8553
0.999357903892	8543
0.999349814969	8533
0.999323726868	8523
0.999302444067	8513
0.999275830442	8503
0.999249222216	8493
0.999217292165	8483
0.99919864868	8473
0.999169381341	8463
0.999145416031	8453
0.999126732051	8443
0.999113399592	8433
0.999076156715	8423
0.999049533192	8413
0.999028223394	8403
0.99899892456	8393
0.998988242216	8383
0.99895895508	8373
0.998942946411	8363
0.998916311189	8353
0.998897648806	8343
0.998871002786	8333
0.998849692989	8323
0.998838984548	8313
0.99881232233	8303
0.998793654548	8293
0.99877496427	8283
0.998748299352	8273
0.998717766798	8263
0.998693749295	8253
0.998661742755	8243
0.998635028345	8233
0.998612217566	8223
0.998593502991	8213
0.998580090444	8203
0.998534730749	8193
0.99850532663	8183
0.998491853792	8173
0.998470327126	8163
0.998454140283	8153
0.998443296862	8143
0.998424398713	8133
0.998389159844	8123
0.998356417212	8113
0.998336944047	8103
0.99831439783	8093
0.998279356032	8083
0.998252712712	8073
0.998228768998	8063
0.99820217607	8053
0.998159626665	8043
0.998135654156	8033
0.998114359656	8023
0.998079759694	8013
0.998050468059	8003
0.998013206285	7993
0.997981258236	7983
0.997965253167	7973
0.997914687729	7963
0.99788006527	7953
0.99785074034	7943
0.997818771595	7933
0.997778823712	7923
0.997733558502	7913
0.997677619047	7903
0.997650926234	7893
0.9976188792	7883
0.997586833066	7873
0.99754944621	7863
0.997503947934	7853
0.997471672334	7843
0.997433967824	7833
0.997415120968	7823
0.997353051606	7813
0.997315193218	7803
0.997285180788	7793
0.997257388334	7783
0.99721359981	7773
0.997196054165	7763
0.997124277016	7753
0.997089686053	7743
0.997036482199	7733
0.996985939258	7723
0.996951343796	7713
0.99689279652	7703
0.996852881932	7693
0.99679699377	7683
0.996759717597	7673
0.996717133997	7663
0.99666656586	7653
0.99663724183	7643
0.996581324872	7633
0.996546673617	7623
0.996493345582	7613
0.996461318345	7603
0.996405291603	7593
0.996375851489	7583
0.996335507664	7573
0.996287065917	7563
0.996249276819	7553
0.996213524125	7543
0.996161710569	7533
0.996117783465	7523
0.996049424918	7513
0.995998035201	7503
0.995928901867	7493
0.995865088558	7483
0.995798600839	7473
0.995729455807	7463
0.995670925629	7453
0.995612385553	7443
0.995553858075	7433
0.995487330761	7423
0.995418101141	7413
0.995356868657	7403
0.995306260026	7393
0.9952343245	7383
0.995188954906	7373
0.995122263816	7363
0.995052892017	7353
0.994983490522	7343
0.994929629765	7333
0.994867690883	7323
0.994800228606	7313
0.994729019274	7303
0.994668614669	7293
0.99459670074	7283
0.994520565526	7273
0.994440790342	7263
0.994400904549	7253
0.994337082242	7243
0.994267930011	7233
0.994185482215	7223
0.994123771001	7213
0.994030675056	7203
0.993972152977	7193
0.993873727108	7183
0.993793920428	7173
0.993722075789	7163
0.993658202189	7153
0.993581007829	7143
0.993530408197	7133
0.993471790731	7123
0.993415781987	7113
0.993338411252	7103
0.993268965664	7093
0.993183362928	7083
0.993121540129	7073
0.993013632341	7063
0.992933839159	7053
0.992876578697	7043
0.992803008109	7033
0.992707307043	7023
0.992632856383	7013
0.992526481972	7003
0.992441579334	6993
0.99232697922	6983
0.992265824125	6973
0.992199289612	6963
0.992122122248	6953
0.992039597064	6943
0.991930439358	6933
0.991813245822	6923
0.991722642514	6913
0.991653171729	6903
0.991591658486	6893
0.991524623646	6883
0.991440745059	6873
0.991377905409	6863
0.99129369567	6853
0.991192681778	6843
0.991081008038	6833
0.990984252326	6823
0.990869900576	6813
0.990795431019	6803
0.990665094897	6793
0.990565297628	6783
0.99045883143	6773
0.990365649097	6763
0.990261812316	6753
0.990181928248	6743
0.990064552038	6733
0.989997844751	6723
0.989909586502	6713
0.98982615425	6703
0.989715473965	6693
0.989631702463	6683
0.989515958615	6673
0.989436212227	6663
0.989314378066	6653
0.989218598712	6643
0.989139664005	6633
0.989019971533	6623
0.988932172217	6613
0.988812385258	6603
0.988724502254	6593
0.988638713245	6583
0.988555554554	6573
0.988440999433	6563
0.988311668464	6553
0.988179656786	6543
0.988001144378	6533
0.987889446341	6523
0.987785711246	6513
0.987679280142	6503
0.987580835376	6493
0.987479649609	6483
0.987336199696	6473
0.987232291826	6463
0.987122840762	6453
0.986972580641	6443
0.9868533561	6433
0.986716171975	6423
0.98659313289	6413
0.986452195411	6403
0.986305924408	6393
0.986186238235	6383
0.986093086498	6373
0.985983972885	6363
0.985872170464	6353
0.985738974558	6343
0.985562987183	6333
0.985434414803	6323
0.985305370892	6313
0.985202219812	6303
0.98506850918	6293
0.984919603362	6283
0.984789321231	6273
0.98465100687	6263
0.984504662079	6253
0.984334306083	6243
0.984183974872	6233
0.984026443809	6223
0.983844315727	6213
0.98372939706	6203
0.983593491648	6193
0.983463006148	6183
0.983314110227	6173
0.983117308882	6163
0.982971002785	6153
0.982837985953	6143
0.98268100561	6133
0.982526536801	6123
0.982385165585	6113
0.982205973776	6103
0.982060923896	6093
0.981848667301	6083
0.981707161105	6073
0.98151839559	6063
0.981327106842	6053
0.981199368642	6043
0.980994558463	6033
0.980829576485	6023
0.9806831804	6013
0.980558015825	6003
0.980343251295	5993
0.980185936201	5983
0.980019450542	5973
0.979852133404	5963
0.979687628357	5953
0.979539596311	5943
0.979363292181	5933
0.97912655915	5923
0.978953657425	5913
0.978722068046	5903
0.978514265802	5893
0.978329972636	5883
0.978126700333	5873
0.97790962494	5863
0.977700838241	5853
0.977527301208	5843
0.977360367414	5833
0.977147569998	5823
0.976956039186	5813
0.976771649734	5803
0.976536493273	5793
0.976315402665	5783
0.976115961105	5773
0.975889864525	5763
0.975676971723	5753
0.975429279188	5743
0.975215212057	5733
0.975034331194	5723
0.974812980523	5713
0.974598374371	5703
0.974364260859	5693
0.974154082061	5683
0.973930499716	5673
0.973704055787	5663
0.973460779809	5653
0.973202170063	5643
0.972970924433	5633
0.9727362692	5623
0.972518922947	5613
0.972279532603	5603
0.972063974389	5593
0.971877045506	5583
0.971624247115	5573
0.97138747449	5563
0.971144194012	5553
0.970920750246	5543
0.97067828415	5533
0.970421781898	5523
0.970153725328	5513
0.969924452211	5503
0.96964136063	5493
0.969343521997	5483
0.969138676723	5473
0.968891093072	5463
0.968663512609	5453
0.968363328017	5443
0.968105841308	5433
0.967837269113	5423
0.967543081248	5413
0.967279144278	5403
0.967017851123	5393
0.966731353538	5383
0.966440056052	5373
0.966192335621	5363
0.965855748629	5353
0.965577970775	5343
0.965297948647	5333
0.964971694851	5323
0.964625712327	5313
0.964323000003	5303
0.964007759703	5293
0.963701431706	5283
0.963376042684	5273
0.96309716069	5263
0.962739316094	5253
0.962387790377	5243
0.962073691111	5233
0.96172411541	5223
0.961436907829	5213
0.961094679559	5203
0.960736173558	5193
0.96036426491	5183
0.959957412549	5173
0.959624725589	5163
0.959349468268	5153
0.959035652461	5143
0.958649515084	5133
0.958326988545	5123
0.957971920044	5113
0.957678193812	5103
0.957264416959	5093
0.956902630936	5083
0.956511225727	5073
0.956200527965	5063
0.955806056902	5053
0.955377882146	5043
0.954943745757	5033
0.954585185765	5023
0.954123494489	5013
0.953662996439	5003
0.953301034042	4993
0.952901736981	4983
0.952471485328	4973
0.952118740289	4963
0.951693937342	4953
0.951254970457	4943
0.950755120237	4933
0.950379307956	4923
0.949897296739	4913
0.949531633181	4903
0.949109885289	4893
0.948687324815	4883
0.948278624124	4873
0.947769540348	4863
0.947404286231	4853
0.946990521976	4843
0.946513759695	4833
0.94607891241	4823
0.945640385561	4813
0.945132158461	4803
0.944671922273	4793
0.944234127018	4783
0.943768802071	4773
0.943293510175	4763
0.942832135653	4753
0.942387425804	4743
0.941990672673	4733
0.941496023695	4723
0.94105939647	4713
0.940504485967	4703
0.939997684259	4693
0.939562727191	4683
0.939067385314	4673
0.938615492711	4663
0.938157690669	4653
0.937644137244	4643
0.937140617359	4633
0.936600541196	4623
0.936149224509	4613
0.935645767614	4603
0.935126942757	4593
0.934688939632	4583
0.934139260067	4573
0.933580659202	4563
0.93303748389	4553
0.932446733406	4543
0.931931230865	4533
0.931418034688	4523
0.930900651421	4513
0.930373054641	4503
0.929871096928	4493
0.929302360838	4483
0.928735297604	4473
0.928203045802	4463
0.927621817731	4453
0.927065088593	4443
0.926419495594	4433
0.925874005819	4423
0.925299166818	4413
0.924782687919	4403
0.92420123668	4393
0.923581378134	4383
0.922998155054	4373
0.92244407063	4363
0.9218632484	4353
0.921217810178	4343
0.920649672501	4333
0.92018444564	4323
0.91951928229	4313
0.918952767077	4303
0.918419479526	4293
0.917763820592	4283
0.917051946844	4273
0.916495850313	4263
0.915888311873	4253
0.915269752738	4243
0.914581403364	4233
0.914003414821	4223
0.913460339395	4213
0.912854881452	4203
0.912239747218	4193
0.911607162724	4183
0.911026732837	4173
0.910324060249	4163
0.909717502666	4153
0.908936592769	4143
0.908215332487	4133
0.907531287187	4123
0.906908022636	4113
0.906186043359	4103
0.905535612664	4093
0.904931236364	4083
0.904167016337	4073
0.903508985349	4063
0.902683280874	4053
0.902125399904	4043
0.901428966107	4033
0.900646060301	4023
0.899950506576	4013
0.899240412769	4003
0.898493957055	3993
0.897805977528	3983
0.897084054942	3973
0.896364186758	3963
0.895654939727	3953
0.894906200146	3943
0.894191002282	3933
0.893517806701	3923
0.892814507804	3913
0.89205892472	3903
0.891283182771	3893
0.890556457585	3883
0.889831016512	3873
0.889039060723	3863
0.888195609933	3853
0.887444829449	3843
0.886672444911	3833
0.885976009315	3823
0.885142522774	3813
0.884324898223	3803
0.883454759118	3793
0.882633728563	3783
0.881808644099	3773
0.880966737484	3763
0.880134656538	3753
0.879282230454	3743
0.878326974543	3733
0.87748999831	3723
0.876774921027	3713
0.875902413468	3703
0.87500475637	3693
0.874034821796	3683
0.873066433197	3673
0.872185061928	3663
0.871234279265	3653
0.870351604086	3643
0.869482898473	3633
0.868541523041	3623
0.867636919854	3613
0.866690809311	3603
0.865709601179	3593
0.864865723851	3583
0.863913727265	3573
0.862944868034	3563
0.861936451464	3553
0.86104425837	3543
0.860042670005	3533
0.859076704753	3523
0.858123433953	3513
0.857180592634	3503
0.856183071677	3493
0.855201447805	3483
0.854163691906	3473
0.85324644916	3463
0.852214341739	3453
0.851194940467	3443
0.850215126232	3433
0.849304186168	3423
0.848248722648	3413
0.847154410883	3403
0.846115634533	3393
0.84500366554	3383
0.844025125519	3373
0.843036141619	3363
0.841937652663	3353
0.840947167781	3343
0.839883900597	3333
0.838789622128	3323
0.837654441014	3313
0.836578529771	3303
0.835376204034	3293
0.834245805724	3283
0.833183892842	3273
0.832161057671	3263
0.831055729711	3253
0.82990699837	3243
0.828879702549	3233
0.827684134828	3223
0.826566416572	3213
0.825412376004	3203
0.824348248545	3193
0.823267141458	3183
0.82202286113	3173
0.820808823598	3163
0.819665005542	3153
0.818472309303	3143
0.817357548017	3133
0.816034927795	3123
0.814638879165	3113
0.813470494686	3103
0.812235050171	3093
0.810956208576	3083
0.809713168267	3073
0.80850067761	3063
0.807196421015	3053
0.805907758249	3043
0.804734667455	3033
0.803543144645	3023
0.802349313671	3013
0.800884752617	3003
0.799470198181	2993
0.798199174647	2983
0.796989460986	2973
0.795826931054	2963
0.794449199257	2953
0.793138395215	2943
0.791770768947	2933
0.790396205588	2923
0.789209242414	2913
0.787949819091	2903
0.786640688805	2893
0.785355297963	2883
0.783916060121	2873
0.78262111447	2863
0.781264527794	2853
0.779943330265	2843
0.778493398381	2833
0.777168614874	2823
0.775920403918	2813
0.774485028314	2803
0.773160329395	2793
0.771828937251	2783
0.770380257984	2773
0.768999957961	2763
0.767532061992	2753
0.766153854164	2743
0.764815955067	2733
0.763377150063	2723
0.761946457377	2713
0.760538390096	2703
0.759219525928	2693
0.757515416153	2683
0.756220708067	2673
0.7548132392	2663
0.753318683712	2653
0.751885643268	2643
0.750370272012	2633
0.748956755125	2623
0.747432271796	2613
0.745885387128	2603
0.744477952456	2593
0.742992530639	2583
0.741464859973	2573
0.739954713356	2563
0.738382030344	2553
0.736976358515	2543
0.735426012052	2533
0.734051324511	2523
0.732517902783	2513
0.730876219618	2503
0.729285219774	2493
0.727803515315	2483
0.726193169188	2473
0.724585716139	2463
0.723014848163	2453
0.721424975854	2443
0.719857848634	2433
0.718330342644	2423
0.716743584782	2413
0.715224582555	2403
0.713604849894	2393
0.71209014724	2383
0.710493461123	2373
0.708897125056	2363
0.707279382005	2353
0.705609600431	2343
0.704032857211	2333
0.702383914803	2323
0.700935191443	2313
0.699286250835	2303
0.697649415264	2293
0.696002190706	2283
0.69435028413	2273
0.692790102998	2263
0.691150828782	2253
0.689402115201	2243
0.687687887299	2233
0.685926423475	2223
0.684316407599	2213
0.682643392796	2203
0.681039843379	2193
0.679325193438	2183
0.677609089309	2173
0.675928967341	2163
0.674245610344	2153
0.672393645797	2143
0.670585689343	2133
0.668815173736	2123
0.667062220873	2113
0.665247777262	2103
0.663492320963	2093
0.661711122112	2083
0.659776930238	2073
0.658006127573	2063
0.656026998942	2053
0.654397708772	2043
0.652588120855	2033
0.6506290719	2023
0.64873845618	2013
0.646863855429	2003
0.645007573311	1993
0.643062185267	1983
0.641370348804	1973
0.639523849161	1963
0.637666474602	1953
0.635836665729	1943
0.6339935037	1933
0.632059786956	1923
0.630193351616	1913
0.62824811205	1903
0.626223594928	1893
0.624169282243	1883
0.622223522553	1873
0.620233775467	1863
0.618115509995	1853
0.616171408763	1843
0.614206907502	1833
0.612201158946	1823
0.610161585216	1813
0.608105848938	1803
0.605999991759	1793
0.603899383515	1783
0.601855541706	1773
0.599777074739	1763
0.597672085933	1753
0.595481894833	1743
0.593430374442	1733
0.591509931665	1723
0.589497614966	1713
0.587410925896	1703
0.585223399308	1693
0.583146434222	1683
0.580979545229	1673
0.578945910633	1663
0.576920352362	1653
0.574806047213	1643
0.572748596685	1633
0.570912880172	1623
0.568909910412	1613
0.566667751879	1603
0.56459629939	1593
0.562327066499	1583
0.5601828776	1573
0.557924329753	1563
0.555827313787	1553
0.553622977646	1543
0.551435931588	1533
0.54909786142	1523
0.546889853814	1513
0.544600662729	1503
0.542407693733	1493
0.540238134829	1483
0.537998360948	1473
0.535760952823	1463
0.533390810424	1453
0.531278920523	1443
0.528912335307	1433
0.526535084844	1423
0.52419553979	1413
0.521798854856	1403
0.519635430359	1393
0.517008506749	1383
0.514624938305	1373
0.512271503774	1363
0.509880916352	1353
0.507556517893	1343
0.505233687006	1333
0.50272032686	1323
0.500480188533	1313
0.498048166644	1303
0.495677523019	1293
0.493258011109	1283
0.490875678185	1273
0.488286666055	1263
0.486000040496	1253
0.483713992653	1243
0.481161765367	1233
0.478826476693	1223
0.476157353728	1213
0.473807749039	1203
0.471392654585	1193
0.468900678026	1183
0.466450195326	1173
0.464083736991	1163
0.46163236432	1153
0.459108263338	1143
0.456487442639	1133
0.453971945305	1123
0.451429810949	1113
0.448724043519	1103
0.446221473702	1093
0.443569710109	1083
0.440967082961	1073
0.438143265319	1063
0.435802121199	1053
0.433186598928	1043
0.430502741508	1033
0.427898698866	1023
0.425178610021	1013
0.422448060199	1003
0.419777182489	993
0.417041506114	983
0.414484562614	973
0.411718935	963
0.408879793489	953
0.406180232455	943
0.403584578392	933
0.400847043787	923
0.398291023553	913
0.395513747135	903
0.392602765485	893
0.389726586267	883
0.386983280803	873
0.384174877916	863
0.381291213589	853
0.378432105785	843
0.375569196035	833
0.372769707251	823
0.36987693355	813
0.366877138431	803
0.363977646308	793
0.360961317897	783
0.358033227037	773
0.355095880126	763
0.352301609682	753
0.349277356125	743
0.346396560579	733
0.343331325189	723
0.340351948097	713
0.337284953463	703
0.334232323437	693
0.330996156135	683
0.327842243156	673
0.324797199026	663
0.321509817481	653
0.31844129217	643
0.315266433841	633
0.311985319883	623
0.308761411496	613
0.305524973333	603
0.302226264238	593
0.298939440611	583
0.295657165823	573
0.292375654123	563
0.288889188265	553
0.28547055993	543
0.282013859939	533
0.278608947406	523
0.275114067774	513
0.271522533215	503
0.267765505552	493
0.264285876898	483
0.260699819842	473
0.256925360817	463
0.2531913689	453
0.249318560495	443
0.245627063091	433
0.241953506374	423
0.238150325331	413
0.234684656346	403
0.230871575844	393
0.226930218121	383
0.222808892901	373
0.219328124114	363
0.21521438209	353
0.211127101613	343
0.207024288498	333
0.202952554157	323
0.198588540574	313
0.194386102964	303
0.19013534869	293
0.185831729813	283
0.181243707346	273
0.177003417647	263
0.17245269385	253
0.168052368753	243
0.163325025872	233
0.158954770797	223
0.15407314268	213
0.149050711165	203
0.143902538258	193
0.139465331132	183
0.134503729859	173
0.129071885856	163
0.123716680094	153
0.118228378311	143
0.112418537145	133
0.106572931587	123
0.100546822211	113
0.0943963338445	103
0.0884376066573	93
0.0818530026	83
0.0755046447444	73
0.0686679720892	63
0.0611526623461	53
0.0539792488217	43
0.045407671975	33
0.035501330275	23
0.0255925661277	15
0.0176980129038	10
0.0114564218026	6
0.00642059753724	4
0.00488305530908	3